0 0.000208
1 0.000197
2 0.000194
3 0.000189
4 0.000186
5 0.000182
6 0.000185
7 0.000182
8 0.000177
9 0.000177
10 0.000175
11 0.000175
12 0.000173
13 0.000174
14 0.000173
15 0.000174
16 0.000172
17 0.000172
18 0.000171
19 0.000171
20 0.000172
21 0.000171
22 0.000172
23 0.000171
24 0.000171
25 0.000171
26 0.000171
27 0.000174
28 0.000174
29 0.000171
30 0.000171
31 0.000171
32 0.000174
33 0.000171
34 0.000171
35 0.000172
36 0.000172
37 0.000171
38 0.000172
39 0.000172
40 0.000172
41 0.000172
42 0.000172
43 0.000172
44 0.000173
45 0.000173
46 0.000172
47 0.000174
48 0.000174
49 0.000173
50 0.000173
51 0.000174
52 0.000173
53 0.000174
54 0.000174
55 0.000174
56 0.000178
57 0.000174
58 0.000175
59 0.000175
60 0.000175
61 0.000175
62 0.000183
63 0.000176
64 0.000176
65 0.000176
66 0.000176
67 0.000176
68 0.000177
69 0.000178
70 0.000177
71 0.000176
72 0.000177
73 0.000177
74 0.000178
75 0.000177
76 0.000178
77 0.000178
78 0.000178
79 0.000177
80 0.000178
81 0.000178
82 0.000178
83 0.000178
84 0.000178
85 0.000183
86 0.000180
87 0.000179
88 0.000180
89 0.000188
90 0.000189
91 0.000180
92 0.000184
93 0.000179
94 0.000185
95 0.000181
96 0.000181
97 0.000181
98 0.000182
99 0.000181
100 0.000185
101 0.000181
102 0.000185
103 0.000182
104 0.000182
105 0.000182
106 0.000182
107 0.000186
108 0.000182
109 0.000184
110 0.000183
111 0.000183
112 0.000187
113 0.000183
114 0.000183
115 0.000183
116 0.000183
117 0.000187
118 0.000183
119 0.000184
120 0.000185
121 0.000185
122 0.000185
123 0.000184
124 0.000188
125 0.000194
126 0.000188
127 0.000184
128 0.000185
129 0.000186
130 0.000185
131 0.000186
132 0.000187
133 0.000186
134 0.000186
135 0.000190
136 0.000186
137 0.000188
138 0.000186
139 0.000188
140 0.000187
141 0.000187
142 0.000187
143 0.000205
144 0.000188
145 0.000187
146 0.000188
147 0.000188
148 0.000189
149 0.000192
150 0.000189
151 0.000188
152 0.000188
153 0.000189
154 0.000188
155 0.000188
156 0.000190
157 0.000193
158 0.000190
159 0.000191
160 0.000193
161 0.000190
162 0.000189
163 0.000191
164 0.000190
165 0.000190
166 0.000195
167 0.000191
168 0.000191
169 0.000192
170 0.000194
171 0.000191
172 0.000191
173 0.000192
174 0.000192
175 0.000191
176 0.000193
177 0.000195
178 0.000192
179 0.000192
180 0.000194
181 0.000192
182 0.000193
183 0.000192
184 0.000193
185 0.000193
186 0.000193
187 0.000193
188 0.000193
189 0.000193
190 0.000194
191 0.000193
192 0.000197
193 0.000194
194 0.000198
195 0.000195
196 0.000194
197 0.000194
198 0.000193
199 0.000198
200 0.000196
201 0.000194
202 0.000195
203 0.000195
204 0.000196
205 0.000195
206 0.000199
207 0.000196
208 0.000196
209 0.000197
210 0.000195
211 0.000195
212 0.000196
213 0.000196
214 0.000196
215 0.000196
216 0.000196
217 0.000196
218 0.000197
219 0.000197
220 0.000197
221 0.000197
222 0.000198
223 0.000198
224 0.000201
225 0.000198
226 0.000197
227 0.000197
228 0.000201
229 0.000199
230 0.000202
231 0.000198
232 0.000198
233 0.000197
234 0.000199
235 0.000199
236 0.000199
237 0.000198
238 0.000198
239 0.000199
240 0.000199
241 0.000199
242 0.000199
243 0.000199
244 0.000199
245 0.000200
246 0.000204
247 0.000200
248 0.000199
249 0.000200
250 0.000201
251 0.000200
252 0.000205
253 0.000200
254 0.000204
255 0.000204
256 0.000200
257 0.000202
258 0.000201
259 0.000200
260 0.000201
261 0.000201
262 0.000202
263 0.000202
264 0.000202
265 0.000226
266 0.000202
267 0.000205
268 0.000203
269 0.000201
270 0.000201
271 0.000206
272 0.000206
273 0.000202
274 0.000202
275 0.000202
276 0.000207
277 0.000202
278 0.000202
279 0.000206
280 0.000202
281 0.000204
282 0.000206
283 0.000204
284 0.000204
285 0.000203
286 0.000204
287 0.000204
288 0.000205
289 0.000204
290 0.000208
291 0.000208
292 0.000204
293 0.000203
294 0.000206
295 0.000208
296 0.000204
297 0.000204
298 0.000206
299 0.000206
300 0.000205
301 0.000205
302 0.000206
303 0.000206
304 0.000208
305 0.000208
306 0.000208
307 0.000208
308 0.000206
309 0.000208
310 0.000210
311 0.000206
312 0.000206
313 0.000210
314 0.000209
315 0.000210
316 0.000206
317 0.000213
318 0.000206
319 0.000207
320 0.000207
321 0.000207
322 0.000206
323 0.000211
324 0.000206
325 0.000206
326 0.000206
327 0.000206
328 0.000206
329 0.000208
330 0.000210
331 0.000210
332 0.000207
333 0.000207
334 0.000207
335 0.000207
336 0.000207
337 0.000207
338 0.000211
339 0.000207
340 0.000211
341 0.000207
342 0.000211
343 0.000208
344 0.000208
345 0.000207
346 0.000211
347 0.000208
348 0.000209
349 0.000208
350 0.000212
351 0.000208
352 0.000208
353 0.000210
354 0.000209
355 0.000209
356 0.000209
357 0.000209
358 0.000212
359 0.000210
360 0.000216
361 0.000210
362 0.000214
363 0.000209
364 0.000215
365 0.000213
366 0.000213
367 0.000214
368 0.000214
369 0.000213
370 0.000211
371 0.000214
372 0.000214
373 0.000210
374 0.000211
375 0.000210
376 0.000211
377 0.000214
378 0.000211
379 0.000211
380 0.000214
381 0.000212
382 0.000210
383 0.000211
384 0.000211
385 0.000212
386 0.000211
387 0.000211
388 0.000215
389 0.000213
390 0.000215
391 0.000212
392 0.000212
393 0.000215
394 0.000212
395 0.000212
396 0.000212
397 0.000214
398 0.000212
399 0.000212
400 0.000214
401 0.000213
402 0.000212
403 0.000212
404 0.000212
405 0.000213
406 0.000217
407 0.000213
408 0.000213
409 0.000213
410 0.000218
411 0.000212
412 0.000214
413 0.000213
414 0.000213
415 0.000213
416 0.000217
417 0.000214
418 0.000214
419 0.000215
420 0.000214
421 0.000218
422 0.000214
423 0.000218
424 0.000214
425 0.000214
426 0.000214
427 0.000214
428 0.000215
429 0.000214
430 0.000214
431 0.000214
432 0.000215
433 0.000215
434 0.000218
435 0.000215
436 0.000215
437 0.000214
438 0.000214
439 0.000216
440 0.000215
441 0.000214
442 0.000214
443 0.000215
444 0.000215
445 0.000219
446 0.000215
447 0.000216
448 0.000220
449 0.000215
450 0.000220
451 0.000215
452 0.000220
453 0.000224
454 0.000216
455 0.000216
456 0.000215
457 0.000216
458 0.000215
459 0.000220
460 0.000216
461 0.000216
462 0.000216
463 0.000217
464 0.000216
465 0.000220
466 0.000217
467 0.000217
468 0.000217
469 0.000220
470 0.000217
471 0.000218
472 0.000216
473 0.000218
474 0.000216
475 0.000218
476 0.000218
477 0.000217
478 0.000218
479 0.000217
480 0.000218
481 0.000217
482 0.000217
483 0.000218
484 0.000219
485 0.000222
486 0.000218
487 0.000219
488 0.000218
489 0.000218
490 0.000218
491 0.000218
492 0.000221
493 0.000218
494 0.000218
495 0.000221
496 0.000219
497 0.000219
498 0.000218
499 0.000223
500 0.000219
501 0.000218
502 0.000219
503 0.000219
504 0.000231
505 0.000219
506 0.000218
507 0.000223
508 0.000218
509 0.000223
510 0.000223
511 0.000219
512 0.000219
513 0.000218
514 0.000219
515 0.000223
516 0.000219
517 0.000223
518 0.000222
519 0.000228
520 0.000232
521 0.000220
522 0.000220
523 0.000223
524 0.000220
525 0.000224
526 0.000222
527 0.000220
528 0.000220
529 0.000220
530 0.000220
531 0.000222
532 0.000220
533 0.000221
534 0.000220
535 0.000222
536 0.000225
537 0.000221
538 0.000221
539 0.000221
540 0.000221
541 0.000221
542 0.000220
543 0.000221
544 0.000221
545 0.000221
546 0.000222
547 0.000221
548 0.000222
549 0.000221
550 0.000225
551 0.000223
552 0.000222
553 0.000221
554 0.000225
555 0.000225
556 0.000223
557 0.000222
558 0.000222
559 0.000222
560 0.000222
561 0.000222
562 0.000223
563 0.000223
564 0.000221
565 0.000226
566 0.000222
567 0.000222
568 0.000222
569 0.000222
570 0.000223
571 0.000226
572 0.000222
573 0.000223
574 0.000223
575 0.000223
576 0.000223
577 0.000223
578 0.000227
579 0.000227
580 0.000222
581 0.000223
582 0.000223
583 0.000223
584 0.000223
585 0.000223
586 0.000227
587 0.000223
588 0.000223
589 0.000224
590 0.000225
591 0.000228
592 0.000224
593 0.000224
594 0.000224
595 0.000224
596 0.000224
597 0.000228
598 0.000228
599 0.000224
600 0.000224
601 0.000228
602 0.000224
603 0.000229
604 0.000224
605 0.000223
606 0.000225
607 0.000228
608 0.000224
609 0.000225
610 0.000225
611 0.000225
612 0.000225
613 0.000225
614 0.000225
615 0.000226
616 0.000225
617 0.000224
618 0.000229
619 0.000229
620 0.000226
621 0.000225
622 0.000224
623 0.000225
624 0.000226
625 0.000229
626 0.000225
627 0.000226
628 0.000226
629 0.000229
630 0.000227
631 0.000225
632 0.000226
633 0.000226
634 0.000226
635 0.000231
636 0.000230
637 0.000226
638 0.000230
639 0.000226
640 0.000226
641 0.000226
642 0.000226
643 0.000226
644 0.000227
645 0.000227
646 0.000227
647 0.000227
648 0.000227
649 0.000226
650 0.000228
651 0.000227
652 0.000227
653 0.000227
654 0.000227
655 0.000227
656 0.000227
657 0.000227
658 0.000227
659 0.000227
660 0.000228
661 0.000227
662 0.000227
663 0.000228
664 0.000228
665 0.000229
666 0.000228
667 0.000228
668 0.000228
669 0.000232
670 0.000230
671 0.000228
672 0.000228
673 0.000227
674 0.000227
675 0.000228
676 0.000228
677 0.000229
678 0.000228
679 0.000228
680 0.000228
681 0.000228
682 0.000228
683 0.000233
684 0.000228
685 0.000232
686 0.000228
687 0.000228
688 0.000229
689 0.000229
690 0.000228
691 0.000229
692 0.000233
693 0.000228
694 0.000233
695 0.000232
696 0.000230
697 0.000230
698 0.000229
699 0.000230
700 0.000229
701 0.000229
702 0.000230
703 0.000229
704 0.000229
705 0.000230
706 0.000229
707 0.000230
708 0.000229
709 0.000230
710 0.000229
711 0.000238
712 0.000230
713 0.000230
714 0.000231
715 0.000230
716 0.000230
717 0.000235
718 0.000232
719 0.000230
720 0.000231
721 0.000231
722 0.000234
723 0.000231
724 0.000231
725 0.000238
726 0.000233
727 0.000237
728 0.000231
729 0.000230
730 0.000231
