0 0.000224
1 0.000224
2 0.000228
3 0.000197
4 0.000185
5 0.000177
6 0.000172
7 0.000172
8 0.000169
9 0.000168
10 0.000165
11 0.000164
12 0.000160
13 0.000161
14 0.000156
15 0.000158
16 0.000159
17 0.000153
18 0.000150
19 0.000151
20 0.000153
21 0.000149
22 0.000151
23 0.000146
24 0.000146
25 0.000143
26 0.000145
27 0.000144
28 0.000138
29 0.000133
30 0.000135
31 0.000134
32 0.000130
33 0.000132
34 0.000128
35 0.000134
36 0.000131
37 0.000131
38 0.000126
39 0.000130
40 0.000127
41 0.000127
42 0.000122
43 0.000125
44 0.000127
45 0.000124
46 0.000124
47 0.000126
48 0.000123
49 0.000120
50 0.000124
51 0.000122
52 0.000120
53 0.000121
54 0.000122
55 0.000117
56 0.000120
57 0.000118
58 0.000116
59 0.000120
60 0.000118
61 0.000114
62 0.000114
63 0.000114
64 0.000114
65 0.000113
66 0.000122
67 0.000114
68 0.000118
69 0.000117
70 0.000113
71 0.000115
72 0.000116
73 0.000117
74 0.000122
75 0.000115
76 0.000117
77 0.000115
78 0.000117
79 0.000113
80 0.000114
81 0.000117
82 0.000119
83 0.000124
84 0.000116
85 0.000119
86 0.000115
87 0.000115
88 0.000122
89 0.000115
90 0.000115
91 0.000115
92 0.000117
93 0.000118
94 0.000112
95 0.000123
96 0.000115
97 0.000115
98 0.000117
99 0.000115
100 0.000119
101 0.000119
102 0.000119
103 0.000120
104 0.000120
105 0.000117
106 0.000117
107 0.000115
108 0.000119
109 0.000116
110 0.000116
111 0.000116
112 0.000119
113 0.000120
114 0.000122
115 0.000115
116 0.000117
117 0.000115
118 0.000114
119 0.000114
120 0.000118
121 0.000115
122 0.000115
123 0.000118
124 0.000113
125 0.000113
126 0.000114
127 0.000113
128 0.000114
129 0.000114
130 0.000117
131 0.000116
132 0.000115
133 0.000117
134 0.000115
135 0.000117
136 0.000116
137 0.000122
138 0.000115
139 0.000117
140 0.000119
141 0.000117
142 0.000118
143 0.000115
144 0.000114
145 0.000121
146 0.000115
147 0.000115
148 0.000115
149 0.000117
150 0.000116
151 0.000121
152 0.000124
153 0.000121
154 0.000116
155 0.000117
156 0.000117
157 0.000117
158 0.000117
159 0.000125
160 0.000119
161 0.000118
162 0.000120
163 0.000118
164 0.000120
165 0.000119
166 0.000120
167 0.000121
168 0.000118
169 0.000120
170 0.000119
171 0.000122
172 0.000120
173 0.000122
174 0.000119
175 0.000121
176 0.000120
177 0.000119
178 0.000125
179 0.000118
180 0.000118
181 0.000119
182 0.000120
183 0.000119
184 0.000121
185 0.000124
186 0.000122
187 0.000124
188 0.000125
189 0.000119
190 0.000120
191 0.000120
192 0.000118
193 0.000119
194 0.000122
195 0.000119
196 0.000122
197 0.000119
198 0.000123
199 0.000122
200 0.000120
201 0.000121
202 0.000120
203 0.000123
204 0.000119
205 0.000122
206 0.000120
207 0.000121
208 0.000120
209 0.000121
210 0.000126
211 0.000123
212 0.000124
213 0.000127
214 0.000122
215 0.000126
216 0.000126
217 0.000127
218 0.000123
219 0.000123
220 0.000122
221 0.000122
222 0.000121
223 0.000121
224 0.000122
225 0.000124
226 0.000126
227 0.000122
228 0.000126
229 0.000128
230 0.000123
231 0.000123
232 0.000122
233 0.000127
234 0.000125
235 0.000134
236 0.000126
237 0.000124
238 0.000124
239 0.000125
240 0.000123
241 0.000129
242 0.000123
243 0.000131
244 0.000132
245 0.000129
246 0.000128
247 0.000126
248 0.000127
249 0.000123
250 0.000127
251 0.000125
252 0.000124
253 0.000127
254 0.000126
255 0.000126
256 0.000126
257 0.000123
258 0.000128
259 0.000124
260 0.000126
261 0.000124
262 0.000129
263 0.000124
264 0.000130
265 0.000128
266 0.000125
267 0.000127
268 0.000129
269 0.000126
270 0.000126
271 0.000126
272 0.000130
273 0.000128
274 0.000128
275 0.000128
276 0.000127
277 0.000128
278 0.000132
279 0.000129
280 0.000130
281 0.000134
282 0.000131
283 0.000129
284 0.000128
285 0.000128
286 0.000129
287 0.000129
288 0.000129
289 0.000128
290 0.000127
291 0.000127
292 0.000132
293 0.000130
294 0.000129
295 0.000127
296 0.000128
297 0.000128
298 0.000135
299 0.000129
300 0.000128
301 0.000136
302 0.000134
303 0.000138
304 0.000130
305 0.000129
306 0.000133
307 0.000128
308 0.000127
309 0.000127
310 0.000129
311 0.000130
312 0.000132
313 0.000132
314 0.000132
315 0.000131
316 0.000135
317 0.000132
318 0.000130
319 0.000135
320 0.000135
321 0.000134
322 0.000130
323 0.000132
324 0.000133
325 0.000131
326 0.000131
327 0.000144
328 0.000131
329 0.000135
330 0.000131
331 0.000132
332 0.000135
333 0.000131
334 0.000130
335 0.000131
336 0.000138
337 0.000134
338 0.000136
339 0.000136
340 0.000134
341 0.000135
342 0.000134
343 0.000131
344 0.000132
345 0.000133
346 0.000135
347 0.000138
348 0.000135
349 0.000137
350 0.000139
351 0.000132
352 0.000132
353 0.000138
354 0.000135
355 0.000136
356 0.000137
357 0.000137
358 0.000133
359 0.000134
360 0.000132
361 0.000131
362 0.000135
363 0.000134
364 0.000133
365 0.000134
366 0.000133
367 0.000144
368 0.000139
369 0.000133
370 0.000136
371 0.000134
372 0.000139
373 0.000136
374 0.000134
375 0.000136
376 0.000134
377 0.000133
378 0.000138
379 0.000139
380 0.000136
381 0.000142
382 0.000146
383 0.000136
384 0.000138
385 0.000136
386 0.000138
387 0.000137
388 0.000135
389 0.000139
390 0.000137
391 0.000144
392 0.000136
393 0.000138
394 0.000135
395 0.000136
396 0.000138
397 0.000135
398 0.000135
399 0.000135
400 0.000139
401 0.000137
402 0.000137
403 0.000136
404 0.000142
405 0.000138
406 0.000140
407 0.000143
408 0.000137
409 0.000136
410 0.000137
411 0.000142
412 0.000138
413 0.000137
414 0.000136
415 0.000141
416 0.000140
417 0.000138
418 0.000140
419 0.000138
420 0.000137
421 0.000136
422 0.000137
423 0.000138
424 0.000135
425 0.000138
426 0.000142
427 0.000137
428 0.000138
429 0.000142
430 0.000136
431 0.000140
432 0.000138
433 0.000142
434 0.000139
435 0.000138
436 0.000141
437 0.000142
438 0.000141
439 0.000140
440 0.000139
441 0.000138
442 0.000141
443 0.000142
444 0.000139
445 0.000139
446 0.000143
447 0.000143
448 0.000142
449 0.000143
450 0.000141
451 0.000144
452 0.000140
453 0.000141
454 0.000140
455 0.000140
456 0.000143
457 0.000140
458 0.000144
459 0.000142
460 0.000140
461 0.000141
462 0.000140
463 0.000139
464 0.000140
465 0.000142
466 0.000141
467 0.000140
468 0.000141
469 0.000140
470 0.000141
471 0.000143
472 0.000144
473 0.000141
474 0.000141
475 0.000141
476 0.000143
477 0.000146
478 0.000148
479 0.000149
480 0.000142
481 0.000143
482 0.000143
483 0.000147
484 0.000146
485 0.000143
486 0.000147
487 0.000145
