0 0.000293
1 0.000235
2 0.000231
3 0.000204
4 0.000202
5 0.000203
6 0.000201
7 0.000181
8 0.000184
9 0.000184
10 0.000183
11 0.000182
12 0.000187
13 0.000181
14 0.000186
15 0.000180
16 0.000176
17 0.000176
18 0.000175
19 0.000181
20 0.000177
21 0.000176
22 0.000176
23 0.000177
24 0.000175
25 0.000176
26 0.000177
27 0.000174
28 0.000182
29 0.000177
30 0.000175
31 0.000173
32 0.000171
33 0.000172
34 0.000172
35 0.000172
36 0.000171
37 0.000171
38 0.000171
39 0.000176
40 0.000172
41 0.000171
42 0.000172
43 0.000171
44 0.000173
45 0.000171
46 0.000172
47 0.000175
48 0.000172
49 0.000174
50 0.000171
51 0.000171
52 0.000172
53 0.000175
54 0.000172
55 0.000171
56 0.000172
57 0.000171
58 0.000172
59 0.000171
60 0.000172
61 0.000175
62 0.000179
63 0.000179
64 0.000182
65 0.000178
66 0.000178
67 0.000179
68 0.000178
69 0.000181
70 0.000182
71 0.000178
72 0.000178
73 0.000179
74 0.000177
75 0.000178
76 0.000182
77 0.000178
78 0.000179
79 0.000182
80 0.000178
81 0.000179
82 0.000179
83 0.000191
84 0.000178
85 0.000178
86 0.000178
87 0.000178
88 0.000188
89 0.000179
90 0.000182
91 0.000178
92 0.000178
93 0.000182
94 0.000178
95 0.000179
96 0.000179
97 0.000178
98 0.000178
99 0.000179
100 0.000178
101 0.000178
102 0.000177
103 0.000182
104 0.000182
105 0.000178
106 0.000177
107 0.000178
108 0.000182
109 0.000178
110 0.000178
111 0.000178
112 0.000182
113 0.000178
114 0.000178
115 0.000178
116 0.000182
117 0.000178
118 0.000177
119 0.000178
120 0.000194
121 0.000178
122 0.000178
123 0.000179
124 0.000194
125 0.000202
126 0.000194
127 0.000197
128 0.000198
129 0.000198
130 0.000194
131 0.000195
132 0.000194
133 0.000194
134 0.000194
135 0.000193
136 0.000195
137 0.000213
138 0.000195
139 0.000194
140 0.000194
141 0.000195
142 0.000193
143 0.000194
144 0.000194
145 0.000194
146 0.000194
147 0.000194
148 0.000193
149 0.000195
150 0.000193
151 0.000194
152 0.000198
153 0.000194
154 0.000199
155 0.000194
156 0.000193
157 0.000193
158 0.000198
159 0.000197
160 0.000197
161 0.000198
162 0.000194
163 0.000194
164 0.000194
165 0.000194
166 0.000195
167 0.000195
168 0.000194
169 0.000201
170 0.000193
171 0.000194
172 0.000194
173 0.000195
174 0.000194
175 0.000193
176 0.000198
177 0.000193
178 0.000193
179 0.000194
180 0.000193
181 0.000193
182 0.000193
183 0.000194
184 0.000194
185 0.000198
186 0.000194
187 0.000193
188 0.000193
189 0.000193
190 0.000198
191 0.000193
192 0.000193
193 0.000195
194 0.000197
195 0.000197
196 0.000194
197 0.000193
198 0.000194
199 0.000193
200 0.000194
201 0.000193
202 0.000193
203 0.000194
204 0.000197
205 0.000197
206 0.000193
207 0.000193
208 0.000201
209 0.000193
210 0.000193
211 0.000193
212 0.000193
213 0.000194
214 0.000194
215 0.000194
216 0.000193
217 0.000194
218 0.000193
219 0.000193
220 0.000194
221 0.000194
222 0.000194
223 0.000194
224 0.000194
225 0.000194
226 0.000193
227 0.000194
228 0.000194
229 0.000194
230 0.000194
231 0.000197
232 0.000193
233 0.000194
234 0.000193
235 0.000193
236 0.000194
237 0.000193
238 0.000194
239 0.000193
240 0.000195
241 0.000193
242 0.000193
243 0.000193
244 0.000194
245 0.000193
246 0.000194
247 0.000194
248 0.000193
249 0.000210
250 0.000214
251 0.000212
252 0.000212
253 0.000214
254 0.000210
255 0.000211
256 0.000210
257 0.000210
258 0.000212
259 0.000224
260 0.000210
261 0.000211
262 0.000211
263 0.000210
264 0.000211
265 0.000211
266 0.000210
267 0.000211
268 0.000211
269 0.000214
270 0.000210
271 0.000211
272 0.000210
273 0.000210
274 0.000215
275 0.000210
276 0.000210
277 0.000214
278 0.000214
279 0.000211
280 0.000210
281 0.000210
282 0.000211
283 0.000212
284 0.000211
285 0.000214
286 0.000215
287 0.000214
288 0.000210
289 0.000211
290 0.000210
291 0.000216
292 0.000211
293 0.000211
294 0.000211
295 0.000210
296 0.000213
297 0.000219
298 0.000215
299 0.000214
300 0.000217
301 0.000215
302 0.000212
303 0.000212
304 0.000210
305 0.000210
306 0.000210
307 0.000212
308 0.000211
309 0.000211
310 0.000210
311 0.000212
312 0.000212
313 0.000213
314 0.000210
315 0.000212
316 0.000209
317 0.000210
318 0.000213
319 0.000214
320 0.000210
321 0.000211
322 0.000210
323 0.000210
324 0.000209
325 0.000210
326 0.000210
327 0.000209
328 0.000210
329 0.000210
330 0.000210
331 0.000210
332 0.000209
333 0.000210
334 0.000210
335 0.000211
336 0.000210
337 0.000210
338 0.000210
339 0.000210
340 0.000210
341 0.000211
342 0.000210
343 0.000214
344 0.000210
345 0.000212
346 0.000210
347 0.000211
348 0.000215
349 0.000215
350 0.000213
351 0.000211
352 0.000211
353 0.000210
354 0.000211
355 0.000211
356 0.000210
357 0.000211
358 0.000211
359 0.000211
360 0.000212
361 0.000210
362 0.000212
363 0.000211
364 0.000215
365 0.000210
366 0.000210
367 0.000211
368 0.000214
369 0.000211
370 0.000211
371 0.000210
372 0.000211
373 0.000211
374 0.000210
375 0.000210
376 0.000215
377 0.000210
378 0.000210
379 0.000211
380 0.000211
381 0.000210
382 0.000214
383 0.000210
384 0.000210
385 0.000210
386 0.000210
387 0.000211
388 0.000211
389 0.000211
390 0.000210
391 0.000212
392 0.000210
393 0.000215
394 0.000211
395 0.000211
396 0.000211
397 0.000211
398 0.000212
399 0.000210
400 0.000211
401 0.000215
402 0.000211
403 0.000210
404 0.000210
405 0.000212
406 0.000211
407 0.000211
408 0.000211
409 0.000211
410 0.000210
411 0.000211
412 0.000211
413 0.000211
414 0.000210
415 0.000211
416 0.000212
417 0.000211
418 0.000211
419 0.000210
420 0.000210
421 0.000210
422 0.000214
423 0.000211
424 0.000210
425 0.000211
426 0.000216
427 0.000211
428 0.000211
429 0.000211
430 0.000214
431 0.000216
432 0.000210
433 0.000214
434 0.000210
435 0.000211
436 0.000211
437 0.000212
438 0.000215
439 0.000211
440 0.000211
441 0.000211
442 0.000210
443 0.000211
444 0.000219
445 0.000217
446 0.000214
447 0.000210
448 0.000210
449 0.000210
450 0.000210
451 0.000211
452 0.000210
453 0.000210
454 0.000214
455 0.000211
456 0.000210
457 0.000213
458 0.000210
459 0.000210
460 0.000211
461 0.000212
462 0.000211
463 0.000216
464 0.000210
465 0.000210
466 0.000214
467 0.000210
468 0.000210
469 0.000210
470 0.000211
471 0.000214
472 0.000210
473 0.000211
474 0.000210
475 0.000215
476 0.000211
477 0.000214
478 0.000209
479 0.000214
480 0.000210
481 0.000211
482 0.000215
483 0.000210
484 0.000210
485 0.000217
486 0.000210
487 0.000214
488 0.000210
489 0.000214
490 0.000214
491 0.000214
492 0.000214
493 0.000210
494 0.000210
495 0.000217
496 0.000211
497 0.000211
498 0.000221
499 0.000238
500 0.000236
501 0.000235
502 0.000233
503 0.000234
504 0.000235
505 0.000235
506 0.000238
507 0.000234
508 0.000235
509 0.000237
510 0.000234
511 0.000234
512 0.000234
513 0.000255
514 0.000238
515 0.000235
516 0.000234
517 0.000235
518 0.000234
519 0.000234
520 0.000235
521 0.000234
522 0.000238
523 0.000234
524 0.000234
525 0.000234
526 0.000238
527 0.000234
528 0.000235
529 0.000234
530 0.000235
531 0.000235
532 0.000239
533 0.000234
534 0.000239
535 0.000234
536 0.000236
537 0.000235
538 0.000238
539 0.000234
540 0.000238
541 0.000235
542 0.000235
543 0.000237
544 0.000235
545 0.000235
546 0.000234
547 0.000234
548 0.000234
549 0.000236
550 0.000234
551 0.000236
552 0.000234
553 0.000239
554 0.000235
555 0.000234
556 0.000235
557 0.000234
558 0.000234
559 0.000238
560 0.000237
561 0.000233
562 0.000234
563 0.000238
564 0.000235
565 0.000234
566 0.000234
567 0.000234
568 0.000234
569 0.000234
570 0.000237
571 0.000234
572 0.000242
573 0.000234
574 0.000238
575 0.000235
576 0.000233
577 0.000238
578 0.000234
579 0.000234
580 0.000233
581 0.000238
582 0.000234
583 0.000234
584 0.000234
585 0.000234
586 0.000234
587 0.000236
588 0.000235
589 0.000233
590 0.000234
591 0.000234
592 0.000234
593 0.000239
594 0.000235
595 0.000242
596 0.000235
597 0.000234
598 0.000237
599 0.000234
600 0.000238
601 0.000238
602 0.000238
603 0.000238
604 0.000234
605 0.000233
606 0.000234
607 0.000234
608 0.000235
609 0.000237
610 0.000234
611 0.000235
612 0.000234
613 0.000233
614 0.000234
615 0.000234
616 0.000234
617 0.000235
618 0.000234
619 0.000234
620 0.000235
621 0.000238
622 0.000239
623 0.000234
624 0.000235
625 0.000234
626 0.000238
627 0.000234
628 0.000235
629 0.000234
630 0.000234
631 0.000234
632 0.000234
633 0.000233
634 0.000233
635 0.000235
636 0.000236
637 0.000239
638 0.000234
639 0.000234
640 0.000235
641 0.000234
642 0.000235
643 0.000235
644 0.000236
645 0.000234
646 0.000233
647 0.000234
648 0.000234
649 0.000234
650 0.000234
651 0.000235
652 0.000234
653 0.000235
654 0.000235
655 0.000234
656 0.000235
657 0.000238
658 0.000234
659 0.000238
660 0.000235
661 0.000238
662 0.000239
663 0.000234
664 0.000234
665 0.000234
666 0.000239
667 0.000234
668 0.000235
669 0.000235
670 0.000233
671 0.000234
672 0.000239
673 0.000234
674 0.000234
675 0.000234
676 0.000237
677 0.000234
678 0.000235
679 0.000235
680 0.000234
681 0.000239
682 0.000235
683 0.000234
684 0.000234
685 0.000235
686 0.000234
687 0.000242
688 0.000235
689 0.000234
690 0.000234
691 0.000238
692 0.000234
693 0.000234
694 0.000235
695 0.000238
696 0.000234
697 0.000234
698 0.000238
699 0.000234
700 0.000234
701 0.000234
702 0.000236
703 0.000236
704 0.000240
705 0.000235
706 0.000236
707 0.000234
708 0.000234
709 0.000234
710 0.000241
711 0.000237
712 0.000240
713 0.000233
714 0.000233
715 0.000234
716 0.000234
717 0.000233
718 0.000234
719 0.000234
720 0.000238
721 0.000234
722 0.000238
723 0.000234
724 0.000238
725 0.000238
726 0.000234
727 0.000234
728 0.000235
729 0.000237
730 0.000238
731 0.000234
732 0.000233
733 0.000234
734 0.000234
735 0.000238
736 0.000238
737 0.000234
738 0.000234
739 0.000233
740 0.000233
741 0.000240
742 0.000233
743 0.000236
744 0.000234
745 0.000234
746 0.000235
747 0.000238
748 0.000238
749 0.000237
750 0.000238
751 0.000234
752 0.000235
753 0.000235
754 0.000235
755 0.000235
756 0.000234
757 0.000234
758 0.000235
759 0.000235
760 0.000235
761 0.000239
762 0.000234
763 0.000234
764 0.000235
765 0.000234
766 0.000238
767 0.000239
768 0.000234
769 0.000235
770 0.000237
771 0.000237
772 0.000235
773 0.000235
774 0.000236
775 0.000240
776 0.000236
777 0.000234
778 0.000235
779 0.000237
780 0.000240
781 0.000237
782 0.000236
783 0.000237
784 0.000238
785 0.000235
786 0.000234
787 0.000235
788 0.000237
789 0.000234
790 0.000249
791 0.000241
792 0.000238
793 0.000236
794 0.000235
795 0.000239
796 0.000239
797 0.000237
798 0.000235
799 0.000240
800 0.000234
801 0.000235
802 0.000236
803 0.000233
804 0.000234
805 0.000234
806 0.000234
807 0.000237
808 0.000236
809 0.000236
810 0.000236
811 0.000236
812 0.000235
813 0.000237
814 0.000239
815 0.000234
816 0.000235
817 0.000236
818 0.000239
819 0.000235
820 0.000245
821 0.000264
822 0.000239
823 0.000236
824 0.000234
825 0.000235
826 0.000237
827 0.000234
828 0.000234
829 0.000238
830 0.000241
831 0.000238
832 0.000235
833 0.000238
834 0.000236
835 0.000234
836 0.000234
837 0.000236
838 0.000234
839 0.000238
840 0.000245
841 0.000242
842 0.000239
843 0.000234
844 0.000242
845 0.000234
846 0.000238
847 0.000234
848 0.000239
849 0.000235
850 0.000234
851 0.000234
852 0.000233
853 0.000239
854 0.000234
855 0.000234
856 0.000233
857 0.000234
858 0.000234
859 0.000242
860 0.000237
861 0.000234
862 0.000235
863 0.000235
864 0.000236
865 0.000234
866 0.000235
867 0.000234
868 0.000234
869 0.000235
870 0.000234
871 0.000238
872 0.000233
873 0.000234
874 0.000234
875 0.000234
876 0.000234
877 0.000235
878 0.000234
879 0.000234
880 0.000238
881 0.000234
882 0.000237
883 0.000236
884 0.000234
885 0.000239
886 0.000237
887 0.000234
888 0.000235
889 0.000234
890 0.000234
891 0.000239
892 0.000234
893 0.000238
894 0.000235
895 0.000234
896 0.000234
897 0.000233
898 0.000235
899 0.000234
900 0.000234
901 0.000238
902 0.000234
903 0.000238
904 0.000235
905 0.000234
906 0.000238
907 0.000234
908 0.000237
909 0.000234
910 0.000235
911 0.000234
912 0.000237
913 0.000239
914 0.000238
915 0.000234
916 0.000234
917 0.000235
918 0.000235
919 0.000239
920 0.000235
921 0.000234
922 0.000235
923 0.000234
924 0.000234
925 0.000234
926 0.000240
927 0.000234
928 0.000235
929 0.000234
930 0.000234
931 0.000234
932 0.000239
933 0.000235
934 0.000234
935 0.000234
936 0.000237
937 0.000238
938 0.000233
939 0.000234
940 0.000234
941 0.000233
942 0.000237
943 0.000234
944 0.000237
945 0.000234
946 0.000238
947 0.000234
948 0.000234
949 0.000234
950 0.000235
951 0.000239
952 0.000238
953 0.000234
954 0.000234
955 0.000234
956 0.000241
957 0.000234
958 0.000236
959 0.000235
960 0.000233
961 0.000234
962 0.000236
963 0.000234
964 0.000234
965 0.000235
966 0.000236
967 0.000238
968 0.000234
969 0.000234
970 0.000242
971 0.000239
972 0.000237
973 0.000233
974 0.000234
975 0.000234
976 0.000234
977 0.000234
978 0.000234
979 0.000234
980 0.000234
981 0.000235
982 0.000234
983 0.000235
984 0.000234
985 0.000235
986 0.000234
987 0.000234
988 0.000234
989 0.000238
990 0.000238
991 0.000234
992 0.000234
993 0.000237
994 0.000238
995 0.000233
996 0.000234
997 0.000234
998 0.000234
999 0.000273
1000 0.000273
1001 0.000279
1002 0.000278
1003 0.000299
1004 0.000275
1005 0.000273
1006 0.000273
1007 0.000273
1008 0.000277
1009 0.000273
1010 0.000274
1011 0.000276
1012 0.000273
1013 0.000273
1014 0.000272
1015 0.000273
1016 0.000273
1017 0.000273
1018 0.000278
1019 0.000272
1020 0.000279
1021 0.000274
1022 0.000278
1023 0.000282
1024 0.000274
1025 0.000277
1026 0.000273
1027 0.000274
1028 0.000273
1029 0.000273
1030 0.000274
1031 0.000273
1032 0.000274
1033 0.000273
1034 0.000273
1035 0.000277
1036 0.000277
1037 0.000277
1038 0.000272
1039 0.000276
1040 0.000273
1041 0.000276
1042 0.000274
1043 0.000274
1044 0.000272
1045 0.000276
1046 0.000274
1047 0.000277
1048 0.000273
1049 0.000273
1050 0.000274
1051 0.000273
1052 0.000273
1053 0.000273
1054 0.000273
1055 0.000275
1056 0.000274
1057 0.000274
1058 0.000281
1059 0.000287
1060 0.000279
1061 0.000278
1062 0.000284
1063 0.000273
1064 0.000273
1065 0.000277
1066 0.000280
1067 0.000275
1068 0.000281
1069 0.000274
1070 0.000274
1071 0.000274
1072 0.000278
1073 0.000283
1074 0.000275
1075 0.000275
1076 0.000275
1077 0.000277
1078 0.000276
1079 0.000279
1080 0.000280
1081 0.000276
1082 0.000280
1083 0.000282
1084 0.000280
1085 0.000275
1086 0.000273
1087 0.000274
1088 0.000277
1089 0.000273
1090 0.000272
1091 0.000277
1092 0.000272
1093 0.000273
1094 0.000273
1095 0.000273
1096 0.000277
1097 0.000275
1098 0.000277
1099 0.000281
1100 0.000286
1101 0.000278
1102 0.000278
1103 0.000276
1104 0.000274
1105 0.000274
1106 0.000274
1107 0.000275
1108 0.000277
1109 0.000276
1110 0.000273
1111 0.000272
1112 0.000276
1113 0.000272
1114 0.000277
1115 0.000273
1116 0.000274
1117 0.000275
1118 0.000273
1119 0.000278
1120 0.000273
1121 0.000273
1122 0.000277
1123 0.000274
1124 0.000273
1125 0.000274
1126 0.000278
1127 0.000275
1128 0.000273
1129 0.000273
1130 0.000273
1131 0.000277
1132 0.000274
1133 0.000273
1134 0.000278
1135 0.000272
1136 0.000277
1137 0.000274
1138 0.000277
1139 0.000272
1140 0.000273
1141 0.000273
1142 0.000273
1143 0.000273
1144 0.000273
1145 0.000272
1146 0.000273
1147 0.000273
1148 0.000278
1149 0.000273
1150 0.000273
1151 0.000275
1152 0.000274
1153 0.000276
1154 0.000285
1155 0.000281
1156 0.000277
1157 0.000273
1158 0.000274
1159 0.000277
1160 0.000275
1161 0.000279
1162 0.000278
1163 0.000274
1164 0.000279
1165 0.000276
1166 0.000275
1167 0.000277
1168 0.000275
1169 0.000273
1170 0.000281
1171 0.000273
1172 0.000274
1173 0.000276
1174 0.000273
1175 0.000277
1176 0.000276
1177 0.000284
1178 0.000283
1179 0.000277
1180 0.000274
1181 0.000274
1182 0.000273
1183 0.000274
1184 0.000275
1185 0.000274
1186 0.000275
1187 0.000277
1188 0.000272
1189 0.000278
1190 0.000275
1191 0.000277
1192 0.000277
1193 0.000273
1194 0.000274
1195 0.000273
1196 0.000273
1197 0.000272
1198 0.000273
1199 0.000277
1200 0.000272
