0 0.000204
1 0.000195
2 0.000196
3 0.000188
4 0.000187
5 0.000182
6 0.000179
7 0.000178
8 0.000177
9 0.000180
10 0.000175
11 0.000173
12 0.000172
13 0.000173
14 0.000172
15 0.000175
16 0.000171
17 0.000171
18 0.000171
19 0.000170
20 0.000171
21 0.000170
22 0.000171
23 0.000170
24 0.000174
25 0.000171
26 0.000172
27 0.000170
28 0.000171
29 0.000170
30 0.000171
31 0.000171
32 0.000171
33 0.000171
34 0.000175
35 0.000172
36 0.000170
37 0.000172
38 0.000171
39 0.000175
40 0.000172
41 0.000171
42 0.000172
43 0.000172
44 0.000172
45 0.000172
46 0.000172
47 0.000174
48 0.000173
49 0.000172
50 0.000173
51 0.000173
52 0.000173
53 0.000173
54 0.000173
55 0.000175
56 0.000174
57 0.000174
58 0.000174
59 0.000177
60 0.000175
61 0.000176
62 0.000177
63 0.000175
64 0.000176
65 0.000175
66 0.000177
67 0.000176
68 0.000175
69 0.000176
70 0.000176
71 0.000177
72 0.000176
73 0.000177
74 0.000176
75 0.000177
76 0.000177
77 0.000177
78 0.000177
79 0.000177
80 0.000182
81 0.000182
82 0.000178
83 0.000178
84 0.000178
85 0.000178
86 0.000179
87 0.000179
88 0.000179
89 0.000183
90 0.000183
91 0.000179
92 0.000180
93 0.000179
94 0.000179
95 0.000181
96 0.000185
97 0.000184
98 0.000181
99 0.000180
100 0.000185
101 0.000181
102 0.000186
103 0.000181
104 0.000181
105 0.000181
106 0.000182
107 0.000182
108 0.000182
109 0.000182
110 0.000187
111 0.000182
112 0.000182
113 0.000183
114 0.000183
115 0.000183
116 0.000183
117 0.000183
118 0.000184
119 0.000183
120 0.000184
121 0.000183
122 0.000184
123 0.000184
124 0.000184
125 0.000188
126 0.000184
127 0.000185
128 0.000189
129 0.000185
130 0.000193
131 0.000189
132 0.000185
133 0.000196
134 0.000185
135 0.000186
136 0.000186
137 0.000185
138 0.000186
139 0.000187
140 0.000186
141 0.000186
142 0.000186
143 0.000187
144 0.000187
145 0.000187
146 0.000187
147 0.000191
148 0.000188
149 0.000188
150 0.000209
151 0.000188
152 0.000188
153 0.000188
154 0.000192
155 0.000190
156 0.000189
157 0.000189
158 0.000189
159 0.000189
160 0.000189
161 0.000190
162 0.000189
163 0.000190
164 0.000189
165 0.000193
166 0.000190
167 0.000190
168 0.000190
169 0.000190
170 0.000198
171 0.000190
172 0.000194
173 0.000191
174 0.000191
175 0.000191
176 0.000192
177 0.000192
178 0.000191
179 0.000192
180 0.000196
181 0.000192
182 0.000194
183 0.000192
184 0.000193
185 0.000192
186 0.000192
187 0.000192
188 0.000193
189 0.000193
190 0.000197
191 0.000194
192 0.000193
193 0.000193
194 0.000197
195 0.000193
196 0.000194
197 0.000197
198 0.000194
199 0.000194
200 0.000198
201 0.000194
202 0.000202
203 0.000198
204 0.000195
205 0.000198
206 0.000194
207 0.000197
208 0.000195
209 0.000195
210 0.000195
211 0.000196
212 0.000195
213 0.000196
214 0.000196
215 0.000196
216 0.000199
217 0.000196
218 0.000196
219 0.000196
220 0.000196
221 0.000197
222 0.000197
223 0.000200
224 0.000197
225 0.000197
226 0.000197
227 0.000197
228 0.000198
229 0.000198
230 0.000198
231 0.000201
232 0.000202
233 0.000198
234 0.000198
235 0.000198
236 0.000199
237 0.000199
238 0.000202
239 0.000199
240 0.000198
241 0.000199
242 0.000199
243 0.000199
244 0.000199
245 0.000199
246 0.000199
247 0.000199
248 0.000200
249 0.000200
250 0.000199
251 0.000200
252 0.000201
253 0.000200
254 0.000200
255 0.000199
256 0.000205
257 0.000200
258 0.000204
259 0.000204
260 0.000201
261 0.000201
262 0.000201
263 0.000204
264 0.000203
265 0.000201
266 0.000201
267 0.000205
268 0.000205
269 0.000201
270 0.000206
271 0.000202
272 0.000218
273 0.000202
274 0.000206
275 0.000202
276 0.000202
277 0.000202
278 0.000203
279 0.000202
280 0.000202
281 0.000203
282 0.000203
283 0.000203
284 0.000207
285 0.000202
286 0.000203
287 0.000203
288 0.000203
289 0.000207
290 0.000203
291 0.000203
292 0.000207
293 0.000205
294 0.000203
295 0.000204
296 0.000208
297 0.000204
298 0.000204
299 0.000204
300 0.000204
301 0.000206
302 0.000204
303 0.000205
304 0.000208
305 0.000208
306 0.000205
307 0.000205
308 0.000209
309 0.000205
310 0.000211
311 0.000208
312 0.000208
313 0.000212
314 0.000209
315 0.000207
316 0.000207
317 0.000207
318 0.000206
319 0.000206
320 0.000206
321 0.000206
322 0.000207
323 0.000206
324 0.000207
325 0.000210
326 0.000211
327 0.000208
328 0.000210
329 0.000206
330 0.000212
331 0.000210
332 0.000207
333 0.000207
334 0.000207
335 0.000207
336 0.000211
337 0.000207
338 0.000211
339 0.000207
340 0.000207
341 0.000207
342 0.000207
343 0.000207
344 0.000207
345 0.000208
346 0.000211
347 0.000207
348 0.000207
349 0.000208
350 0.000208
351 0.000208
352 0.000208
353 0.000208
354 0.000208
355 0.000209
356 0.000212
357 0.000213
358 0.000209
359 0.000209
360 0.000213
361 0.000213
362 0.000209
363 0.000211
364 0.000209
365 0.000212
366 0.000209
367 0.000210
368 0.000214
369 0.000210
370 0.000210
371 0.000211
372 0.000210
373 0.000211
374 0.000211
375 0.000210
376 0.000211
377 0.000211
378 0.000210
379 0.000211
380 0.000210
381 0.000214
382 0.000210
383 0.000211
384 0.000210
385 0.000215
386 0.000211
387 0.000211
388 0.000219
389 0.000215
390 0.000212
391 0.000216
392 0.000211
393 0.000211
394 0.000211
395 0.000211
396 0.000211
397 0.000213
398 0.000212
399 0.000212
400 0.000212
401 0.000211
402 0.000212
403 0.000216
404 0.000217
405 0.000212
406 0.000213
407 0.000212
408 0.000213
409 0.000214
410 0.000213
411 0.000213
412 0.000216
413 0.000217
414 0.000214
415 0.000212
416 0.000213
417 0.000214
418 0.000217
419 0.000214
420 0.000214
421 0.000218
422 0.000214
423 0.000214
424 0.000218
425 0.000218
426 0.000214
427 0.000217
428 0.000214
429 0.000214
430 0.000214
431 0.000214
432 0.000218
433 0.000214
434 0.000215
435 0.000215
436 0.000214
437 0.000214
438 0.000215
439 0.000221
440 0.000215
441 0.000215
442 0.000215
443 0.000215
444 0.000216
445 0.000215
446 0.000219
447 0.000215
448 0.000214
449 0.000218
450 0.000219
451 0.000215
452 0.000219
453 0.000216
454 0.000216
455 0.000216
456 0.000216
457 0.000216
458 0.000216
459 0.000225
460 0.000218
461 0.000216
462 0.000217
463 0.000216
464 0.000220
465 0.000216
466 0.000216
467 0.000217
468 0.000216
469 0.000216
470 0.000217
471 0.000217
472 0.000217
473 0.000216
474 0.000220
475 0.000221
476 0.000218
477 0.000224
478 0.000217
479 0.000217
480 0.000216
481 0.000218
482 0.000217
483 0.000217
484 0.000218
485 0.000217
486 0.000218
487 0.000217
488 0.000218
489 0.000218
490 0.000219
491 0.000219
492 0.000219
493 0.000219
494 0.000222
495 0.000218
496 0.000218
497 0.000218
498 0.000218
499 0.000218
500 0.000218
501 0.000218
502 0.000219
503 0.000218
504 0.000218
505 0.000218
506 0.000219
507 0.000220
508 0.000220
509 0.000219
510 0.000222
511 0.000233
512 0.000219
513 0.000220
514 0.000219
515 0.000219
516 0.000219
517 0.000219
518 0.000219
519 0.000220
520 0.000219
521 0.000220
522 0.000220
523 0.000220
524 0.000221
525 0.000224
526 0.000243
527 0.000219
528 0.000220
529 0.000219
530 0.000220
531 0.000219
532 0.000220
533 0.000221
534 0.000224
535 0.000228
536 0.000221
537 0.000220
538 0.000224
539 0.000226
540 0.000245
541 0.000221
542 0.000221
543 0.000221
544 0.000220
545 0.000221
546 0.000229
547 0.000221
548 0.000221
549 0.000221
550 0.000220
551 0.000221
552 0.000226
553 0.000221
554 0.000225
555 0.000221
556 0.000221
557 0.000222
558 0.000226
559 0.000223
560 0.000222
561 0.000221
562 0.000223
563 0.000222
564 0.000226
565 0.000223
566 0.000223
567 0.000227
568 0.000222
569 0.000222
570 0.000225
571 0.000223
572 0.000223
573 0.000224
574 0.000223
575 0.000224
576 0.000227
577 0.000223
578 0.000223
579 0.000223
580 0.000223
581 0.000226
582 0.000223
583 0.000223
584 0.000224
585 0.000223
586 0.000223
587 0.000228
588 0.000223
589 0.000223
590 0.000223
591 0.000223
592 0.000223
593 0.000227
594 0.000226
595 0.000223
596 0.000224
597 0.000224
598 0.000225
599 0.000224
600 0.000224
601 0.000224
602 0.000228
603 0.000224
604 0.000224
605 0.000225
606 0.000224
607 0.000223
608 0.000228
609 0.000228
610 0.000225
611 0.000225
612 0.000225
613 0.000225
614 0.000228
615 0.000225
616 0.000225
617 0.000224
618 0.000230
619 0.000229
620 0.000226
621 0.000226
622 0.000229
623 0.000225
624 0.000225
625 0.000226
626 0.000225
627 0.000229
628 0.000225
629 0.000230
630 0.000226
631 0.000225
632 0.000226
633 0.000227
634 0.000230
635 0.000225
636 0.000226
637 0.000225
638 0.000230
639 0.000229
640 0.000226
641 0.000232
642 0.000226
643 0.000226
644 0.000226
645 0.000227
646 0.000226
647 0.000225
648 0.000231
649 0.000226
650 0.000227
651 0.000226
652 0.000229
653 0.000231
654 0.000227
655 0.000228
656 0.000231
657 0.000232
658 0.000227
659 0.000231
660 0.000227
661 0.000227
662 0.000231
663 0.000227
664 0.000228
665 0.000228
666 0.000231
667 0.000228
668 0.000231
669 0.000232
670 0.000228
671 0.000228
672 0.000231
673 0.000228
674 0.000228
675 0.000229
676 0.000229
677 0.000227
678 0.000228
679 0.000228
680 0.000227
681 0.000228
682 0.000228
683 0.000228
684 0.000232
685 0.000229
686 0.000236
687 0.000229
688 0.000229
689 0.000232
690 0.000232
691 0.000228
692 0.000229
693 0.000228
694 0.000233
695 0.000228
696 0.000229
697 0.000229
698 0.000233
699 0.000229
700 0.000229
701 0.000228
702 0.000228
703 0.000230
704 0.000234
705 0.000229
706 0.000233
707 0.000229
708 0.000229
709 0.000229
710 0.000230
711 0.000230
712 0.000229
713 0.000234
714 0.000233
715 0.000230
716 0.000230
717 0.000230
718 0.000232
719 0.000230
720 0.000232
721 0.000230
722 0.000230
723 0.000230
724 0.000234
725 0.000232
726 0.000232
727 0.000231
728 0.000230
729 0.000230
730 0.000231
