0 0.000338
1 0.000337
2 0.000339
3 0.000337
4 0.000338
5 0.000337
6 0.000341
7 0.000338
8 0.000337
9 0.000336
10 0.000337
11 0.000337
12 0.000337
13 0.000349
14 0.000341
15 0.000337
16 0.000341
17 0.000346
18 0.000341
19 0.000338
20 0.000338
21 0.000338
22 0.000337
23 0.000338
24 0.000338
25 0.000338
26 0.000341
27 0.000341
28 0.000338
29 0.000349
30 0.000339
31 0.000340
32 0.000337
33 0.000338
34 0.000337
35 0.000338
36 0.000340
37 0.000337
38 0.000337
39 0.000337
40 0.000342
41 0.000337
42 0.000338
43 0.000337
44 0.000337
45 0.000337
46 0.000338
47 0.000337
48 0.000341
49 0.000341
50 0.000337
51 0.000342
52 0.000341
53 0.000339
54 0.000343
55 0.000339
56 0.000345
57 0.000337
58 0.000338
59 0.000342
60 0.000338
61 0.000341
62 0.000341
63 0.000337
64 0.000340
65 0.000339
66 0.000337
67 0.000342
68 0.000341
69 0.000345
70 0.000337
71 0.000337
72 0.000342
73 0.000337
74 0.000342
75 0.000339
76 0.000339
77 0.000338
78 0.000337
79 0.000338
80 0.000341
81 0.000341
82 0.000337
83 0.000342
84 0.000341
85 0.000338
86 0.000340
87 0.000336
88 0.000350
89 0.000336
90 0.000337
91 0.000337
92 0.000344
93 0.000337
94 0.000340
95 0.000336
96 0.000336
97 0.000336
98 0.000356
99 0.000339
100 0.000335
101 0.000335
102 0.000335
103 0.000334
104 0.000335
105 0.000340
106 0.000337
107 0.000334
108 0.000334
109 0.000335
110 0.000335
111 0.000335
112 0.000338
113 0.000334
114 0.000338
115 0.000333
116 0.000335
117 0.000334
118 0.000337
119 0.000338
120 0.000343
121 0.000337
122 0.000334
123 0.000342
124 0.000334
125 0.000338
126 0.000334
127 0.000334
128 0.000334
129 0.000337
130 0.000333
131 0.000334
132 0.000334
133 0.000333
134 0.000334
135 0.000335
136 0.000337
137 0.000334
138 0.000332
139 0.000334
140 0.000337
141 0.000333
142 0.000334
143 0.000338
144 0.000338
145 0.000333
146 0.000333
147 0.000341
148 0.000337
149 0.000338
150 0.000334
151 0.000337
152 0.000334
153 0.000335
154 0.000338
155 0.000334
156 0.000342
157 0.000334
158 0.000334
159 0.000333
160 0.000333
161 0.000333
162 0.000337
163 0.000333
164 0.000334
165 0.000333
166 0.000334
167 0.000339
168 0.000335
169 0.000335
170 0.000334
171 0.000339
172 0.000342
173 0.000335
174 0.000340
175 0.000334
176 0.000334
177 0.000339
178 0.000334
179 0.000339
180 0.000339
181 0.000340
182 0.000337
183 0.000335
184 0.000337
185 0.000338
186 0.000337
187 0.000341
188 0.000342
189 0.000337
190 0.000338
191 0.000342
192 0.000339
193 0.000339
194 0.000344
195 0.000341
196 0.000342
197 0.000343
198 0.000343
199 0.000347
200 0.000344
201 0.000343
202 0.000346
203 0.000346
204 0.000347
205 0.000351
206 0.000348
207 0.000348
208 0.000348
209 0.000348
210 0.000349
211 0.000352
212 0.000349
213 0.000354
214 0.000349
215 0.000350
216 0.000350
217 0.000355
218 0.000355
219 0.000358
220 0.000350
221 0.000350
222 0.000355
223 0.000354
224 0.000351
225 0.000355
226 0.000356
227 0.000355
228 0.000356
229 0.000351
230 0.000356
231 0.000356
232 0.000352
233 0.000358
234 0.000362
235 0.000358
236 0.000352
237 0.000357
238 0.000354
239 0.000357
240 0.000353
241 0.000354
242 0.000353
243 0.000354
244 0.000353
245 0.000354
246 0.000361
247 0.000354
248 0.000354
249 0.000362
250 0.000354
251 0.000353
252 0.000353
253 0.000353
254 0.000354
255 0.000353
256 0.000357
257 0.000356
258 0.000355
259 0.000355
260 0.000357
261 0.000354
262 0.000359
263 0.000354
264 0.000355
265 0.000355
266 0.000356
267 0.000354
268 0.000355
269 0.000360
270 0.000359
271 0.000360
272 0.000357
273 0.000355
274 0.000357
275 0.000363
276 0.000357
277 0.000363
278 0.000356
279 0.000360
280 0.000366
281 0.000359
282 0.000364
283 0.000356
284 0.000358
285 0.000358
286 0.000363
287 0.000374
288 0.000371
289 0.000367
290 0.000365
291 0.000368
292 0.000364
293 0.000365
294 0.000364
295 0.000363
296 0.000364
297 0.000364
298 0.000367
299 0.000371
300 0.000370
301 0.000370
302 0.000377
303 0.000374
304 0.000371
305 0.000370
306 0.000384
307 0.000391
308 0.000380
309 0.000375
310 0.000376
311 0.000374
312 0.000373
313 0.000373
314 0.000374
315 0.000379
316 0.000375
317 0.000375
318 0.000377
319 0.000387
320 0.000381
321 0.000375
322 0.000378
323 0.000375
324 0.000375
325 0.000380
326 0.000375
327 0.000376
328 0.000376
329 0.000377
330 0.000387
331 0.000380
332 0.000378
333 0.000382
334 0.000383
335 0.000378
336 0.000386
337 0.000384
338 0.000380
339 0.000387
340 0.000380
341 0.000383
342 0.000380
343 0.000383
344 0.000380
345 0.000384
346 0.000379
347 0.000380
348 0.000380
349 0.000379
350 0.000380
351 0.000383
352 0.000381
353 0.000380
354 0.000380
355 0.000381
356 0.000383
357 0.000381
358 0.000379
359 0.000381
360 0.000381
361 0.000380
362 0.000380
363 0.000380
364 0.000380
365 0.000384
366 0.000384
367 0.000381
368 0.000379
369 0.000380
370 0.000380
371 0.000385
372 0.000382
373 0.000383
374 0.000380
375 0.000382
376 0.000382
377 0.000385
378 0.000386
379 0.000382
380 0.000391
381 0.000386
382 0.000383
383 0.000383
384 0.000390
385 0.000391
386 0.000387
387 0.000386
388 0.000391
389 0.000388
390 0.000387
391 0.000394
392 0.000395
393 0.000393
394 0.000391
395 0.000395
396 0.000395
397 0.000393
398 0.000403
399 0.000396
400 0.000392
401 0.000396
402 0.000394
403 0.000394
404 0.000398
405 0.000400
406 0.000398
407 0.000398
408 0.000398
409 0.000398
410 0.000397
411 0.000401
412 0.000399
413 0.000398
414 0.000406
415 0.000398
416 0.000407
417 0.000405
418 0.000406
419 0.000419
420 0.000404
421 0.000400
422 0.000400
423 0.000400
424 0.000401
425 0.000404
426 0.000405
427 0.000400
428 0.000404
429 0.000401
430 0.000401
431 0.000401
432 0.000403
433 0.000401
434 0.000406
435 0.000402
436 0.000405
437 0.000401
438 0.000407
439 0.000405
440 0.000404
441 0.000413
442 0.000404
443 0.000412
444 0.000411
445 0.000410
446 0.000409
447 0.000405
448 0.000406
449 0.000409
450 0.000406
451 0.000406
452 0.000412
453 0.000406
454 0.000411
455 0.000407
456 0.000415
457 0.000415
458 0.000413
459 0.000411
460 0.000407
461 0.000418
462 0.000409
463 0.000408
464 0.000414
465 0.000408
466 0.000408
467 0.000415
468 0.000408
469 0.000413
470 0.000414
471 0.000408
472 0.000410
473 0.000412
474 0.000409
475 0.000408
476 0.000408
477 0.000413
478 0.000408
479 0.000409
480 0.000410
481 0.000414
482 0.000414
483 0.000415
484 0.000428
485 0.000422
486 0.000415
487 0.000415
488 0.000414
489 0.000415
490 0.000414
491 0.000412
492 0.000411
493 0.000414
494 0.000419
495 0.000420
496 0.000416
497 0.000417
498 0.000417
499 0.000416
500 0.000426
501 0.000419
502 0.000421
503 0.000418
504 0.000419
505 0.000426
506 0.000420
507 0.000421
508 0.000425
509 0.000422
510 0.000421
511 0.000426
512 0.000424
513 0.000420
514 0.000426
515 0.000425
516 0.000422
517 0.000426
518 0.000424
519 0.000434
520 0.000433
521 0.000423
522 0.000432
523 0.000427
524 0.000426
525 0.000428
526 0.000429
527 0.000427
528 0.000434
529 0.000427
530 0.000429
531 0.000425
532 0.000429
533 0.000427
534 0.000434
535 0.000430
536 0.000433
537 0.000427
538 0.000430
539 0.000424
540 0.000430
541 0.000428
542 0.000433
543 0.000430
544 0.000429
545 0.000428
546 0.000430
547 0.000433
548 0.000432
549 0.000432
550 0.000434
551 0.000428
552 0.000428
553 0.000432
554 0.000428
555 0.000428
556 0.000428
557 0.000436
558 0.000433
559 0.000429
560 0.000433
561 0.000434
562 0.000434
563 0.000429
564 0.000430
565 0.000435
566 0.000434
567 0.000434
568 0.000431
569 0.000451
570 0.000435
571 0.000450
572 0.000431
573 0.000431
574 0.000430
575 0.000432
576 0.000435
577 0.000432
578 0.000433
579 0.000431
580 0.000432
