100 0.000003 0.000013 0.000020 0.000017 0.000017 0.000010
110 0.000003 0.000011 0.000023 0.000019 0.000019 0.000011
120 0.000004 0.000012 0.000026 0.000022 0.000022 0.000012
130 0.000004 0.000013 0.000030 0.000024 0.000024 0.000013
140 0.000004 0.000015 0.000033 0.000027 0.000027 0.000014
150 0.000005 0.000016 0.000035 0.000029 0.000029 0.000015
160 0.000006 0.000017 0.000038 0.000036 0.000032 0.000016
170 0.000006 0.000018 0.000041 0.000035 0.000035 0.000017
180 0.000008 0.000020 0.000045 0.000037 0.000037 0.000018
190 0.000007 0.000021 0.000049 0.000043 0.000045 0.000019
200 0.000007 0.000022 0.000051 0.000043 0.000048 0.000020
210 0.000008 0.000023 0.000054 0.000047 0.000046 0.000021
220 0.000008 0.000025 0.000058 0.000049 0.000051 0.000022
230 0.000012 0.000028 0.000062 0.000053 0.000053 0.000027
240 0.000009 0.000027 0.000065 0.000056 0.000057 0.000027
250 0.000010 0.000028 0.000068 0.000059 0.000059 0.000024
260 0.000010 0.000030 0.000071 0.000063 0.000065 0.000026
270 0.000011 0.000032 0.000076 0.000066 0.000066 0.000026
280 0.000011 0.000033 0.000081 0.000070 0.000070 0.000027
290 0.000012 0.000039 0.000081 0.000074 0.000075 0.000031
300 0.000013 0.000035 0.000088 0.000084 0.000079 0.000030
310 0.000013 0.000040 0.000095 0.000083 0.000085 0.000030
320 0.000014 0.000037 0.000094 0.000090 0.000085 0.000031
330 0.000015 0.000039 0.000102 0.000089 0.000090 0.000035
340 0.000015 0.000041 0.000101 0.000097 0.000093 0.000033
350 0.000016 0.000043 0.000108 0.000100 0.000098 0.000034
360 0.000016 0.000043 0.000109 0.000106 0.000101 0.000035
370 0.000017 0.000045 0.000114 0.000106 0.000106 0.000036
380 0.000017 0.000045 0.000120 0.000109 0.000114 0.000037
390 0.000018 0.000047 0.000120 0.000114 0.000114 0.000038
400 0.000019 0.000049 0.000124 0.000130 0.000118 0.000039
410 0.000020 0.000051 0.000127 0.000126 0.000122 0.000040
420 0.000021 0.000052 0.000131 0.000128 0.000131 0.000041
430 0.000021 0.000055 0.000134 0.000132 0.000132 0.000041
440 0.000022 0.000056 0.000138 0.000141 0.000137 0.000043
450 0.000023 0.000056 0.000147 0.000141 0.000143 0.000044
460 0.000025 0.000058 0.000150 0.000146 0.000150 0.000044
470 0.000024 0.000064 0.000149 0.000151 0.000155 0.000045
480 0.000025 0.000061 0.000154 0.000160 0.000157 0.000047
490 0.000026 0.000064 0.000160 0.000162 0.000162 0.000049
500 0.000028 0.000064 0.000161 0.000169 0.000168 0.000048
510 0.000027 0.000066 0.000164 0.000176 0.000175 0.000050
520 0.000028 0.000069 0.000171 0.000178 0.000180 0.000051
530 0.000029 0.000070 0.000171 0.000183 0.000185 0.000053
540 0.000031 0.000074 0.000178 0.000190 0.000190 0.000052
550 0.000032 0.000073 0.000179 0.000198 0.000194 0.000054
560 0.000031 0.000075 0.000182 0.000200 0.000203 0.000055
570 0.000032 0.000077 0.000186 0.000205 0.000212 0.000055
580 0.000034 0.000078 0.000192 0.000211 0.000223 0.000056
590 0.000034 0.000083 0.000200 0.000218 0.000216 0.000058
600 0.000035 0.000081 0.000199 0.000224 0.000226 0.000059
610 0.000036 0.000086 0.000203 0.000230 0.000230 0.000060
620 0.000037 0.000084 0.000212 0.000236 0.000235 0.000064
630 0.000037 0.000085 0.000212 0.000242 0.000241 0.000061
640 0.000038 0.000088 0.000214 0.000249 0.000246 0.000066
650 0.000039 0.000088 0.000216 0.000252 0.000254 0.000063
660 0.000040 0.000090 0.000228 0.000263 0.000261 0.000068
670 0.000041 0.000093 0.000222 0.000270 0.000271 0.000066
680 0.000044 0.000095 0.000227 0.000283 0.000274 0.000067
690 0.000045 0.000100 0.000240 0.000287 0.000280 0.000067
700 0.000044 0.000098 0.000238 0.000286 0.000285 0.000068
710 0.000045 0.000099 0.000241 0.000298 0.000292 0.000071
720 0.000046 0.000100 0.000247 0.000302 0.000300 0.000070
730 0.000047 0.000101 0.000244 0.000308 0.000314 0.000071
740 0.000048 0.000103 0.000252 0.000315 0.000316 0.000072
750 0.000049 0.000107 0.000258 0.000319 0.000324 0.000073
760 0.000051 0.000107 0.000260 0.000326 0.000326 0.000074
770 0.000051 0.000107 0.000270 0.000343 0.000343 0.000075
780 0.000052 0.000113 0.000268 0.000345 0.000341 0.000077
790 0.000056 0.000115 0.000272 0.000354 0.000349 0.000076
800 0.000055 0.000114 0.000273 0.000359 0.000364 0.000078
810 0.000059 0.000118 0.000281 0.000364 0.000363 0.000083
820 0.000060 0.000119 0.000290 0.000379 0.000370 0.000082
830 0.000057 0.000119 0.000293 0.000381 0.000388 0.000082
840 0.000061 0.000121 0.000294 0.000393 0.000393 0.000082
850 0.000060 0.000123 0.000298 0.000397 0.000392 0.000084
860 0.000060 0.000125 0.000296 0.000404 0.000409 0.000083
870 0.000061 0.000132 0.000304 0.000412 0.000420 0.000084
880 0.000063 0.000130 0.000306 0.000425 0.000420 0.000086
890 0.000063 0.000133 0.000320 0.000431 0.000431 0.000088
900 0.000066 0.000134 0.000321 0.000440 0.000454 0.000087
910 0.000065 0.000134 0.000329 0.000451 0.000451 0.000092
920 0.000076 0.000138 0.000323 0.000461 0.000463 0.000090
930 0.000070 0.000140 0.000330 0.000461 0.000464 0.000091
940 0.000071 0.000141 0.000344 0.000474 0.000475 0.000091
950 0.000072 0.000146 0.000336 0.000484 0.000490 0.000096
960 0.000074 0.000145 0.000345 0.000497 0.000497 0.000095
970 0.000083 0.000149 0.000342 0.000498 0.000495 0.000094
980 0.000074 0.000148 0.000344 0.000501 0.000503 0.000099
990 0.000075 0.000144 0.000349 0.000508 0.000507 0.000096
1000 0.000077 0.000147 0.000357 0.000523 0.000521 0.000099
1010 0.000079 0.000151 0.000354 0.000535 0.000531 0.000098
1020 0.000079 0.000149 0.000357 0.000541 0.000544 0.000098
1030 0.000081 0.000151 0.000379 0.000554 0.000560 0.000102
1040 0.000087 0.000156 0.000376 0.000574 0.000572 0.000104
1050 0.000085 0.000154 0.000374 0.000575 0.000565 0.000102
1060 0.000086 0.000162 0.000385 0.000572 0.000573 0.000105
1070 0.000086 0.000162 0.000381 0.000585 0.000588 0.000108
1080 0.000088 0.000162 0.000384 0.000592 0.000598 0.000110
1090 0.000089 0.000166 0.000387 0.000607 0.000601 0.000105
1100 0.000091 0.000168 0.000395 0.000613 0.000609 0.000107
1110 0.000092 0.000171 0.000400 0.000623 0.000621 0.000114
1120 0.000093 0.000168 0.000407 0.000647 0.000643 0.000110
1130 0.000095 0.000171 0.000405 0.000640 0.000642 0.000109
1140 0.000100 0.000174 0.000408 0.000652 0.000662 0.000109
1150 0.000098 0.000172 0.000419 0.000666 0.000661 0.000114
1160 0.000100 0.000177 0.000416 0.000673 0.000677 0.000113
1170 0.000101 0.000179 0.000420 0.000693 0.000682 0.000113
1180 0.000109 0.000179 0.000427 0.000696 0.000699 0.000114
1190 0.000105 0.000180 0.000424 0.000704 0.000706 0.000115
1200 0.000104 0.000181 0.000432 0.000717 0.000710 0.000117
1210 0.000109 0.000186 0.000440 0.000721 0.000721 0.000121
1220 0.000107 0.000185 0.000444 0.000735 0.000727 0.000124
1230 0.000114 0.000186 0.000449 0.000742 0.000745 0.000119
1240 0.000112 0.000187 0.000454 0.000775 0.000758 0.000120
1250 0.000112 0.000186 0.000455 0.000761 0.000764 0.000124
1260 0.000113 0.000192 0.000460 0.000782 0.000775 0.000122
1270 0.000115 0.000191 0.000462 0.000825 0.000781 0.000124
1280 0.000117 0.000190 0.000462 0.000802 0.000794 0.000124
1290 0.000122 0.000195 0.000469 0.000806 0.000843 0.000125
1300 0.000121 0.000197 0.000476 0.000822 0.000821 0.000126
1310 0.000123 0.000199 0.000478 0.000832 0.000823 0.000127
1320 0.000126 0.000200 0.000487 0.000841 0.000840 0.000127
1330 0.000125 0.000203 0.000493 0.000854 0.000850 0.000131
1340 0.000126 0.000206 0.000498 0.000868 0.000867 0.000129
1350 0.000128 0.000209 0.000495 0.000875 0.000876 0.000131
1360 0.000133 0.000213 0.000505 0.000881 0.000890 0.000132
1370 0.000131 0.000211 0.000501 0.000896 0.000896 0.000136
1380 0.000132 0.000212 0.000505 0.000902 0.000917 0.000135
1390 0.000134 0.000216 0.000517 0.000930 0.000924 0.000134
1400 0.000139 0.000219 0.000521 0.000931 0.000944 0.000135
1410 0.000137 0.000216 0.000519 0.000964 0.000943 0.000141
1420 0.000140 0.000221 0.000526 0.000953 0.000959 0.000138
1430 0.000143 0.000228 0.000529 0.000972 0.000970 0.000137
1440 0.000146 0.000220 0.000556 0.000992 0.000981 0.000143
1450 0.000143 0.000220 0.000534 0.000990 0.000996 0.000143
1460 0.000146 0.000224 0.000540 0.001014 0.001005 0.000141
1470 0.000150 0.000232 0.000545 0.001017 0.001024 0.000141
1480 0.000148 0.000229 0.000551 0.001033 0.001035 0.000143
1490 0.000152 0.000229 0.000561 0.001043 0.001050 0.000146
1500 0.000153 0.000227 0.000555 0.001055 0.001058 0.000151
1510 0.000154 0.000232 0.000560 0.001068 0.001072 0.000146
1520 0.000159 0.000231 0.000571 0.001080 0.001090 0.000149
1530 0.000161 0.000231 0.000572 0.001102 0.001094 0.000148
1540 0.000160 0.000241 0.000576 0.001104 0.001116 0.000149
1550 0.000166 0.000234 0.000582 0.001128 0.001115 0.000157
1560 0.000169 0.000239 0.000586 0.001132 0.001136 0.000151
1570 0.000165 0.000243 0.000593 0.001151 0.001157 0.000152
1580 0.000168 0.000248 0.000590 0.001161 0.001156 0.000152
1590 0.000171 0.000250 0.000595 0.001179 0.001169 0.000153
1600 0.000174 0.000247 0.000607 0.001188 0.001192 0.000154
1610 0.000178 0.000250 0.000608 0.001205 0.001199 0.000154
1620 0.000174 0.000257 0.000617 0.001235 0.001221 0.000161
1630 0.000176 0.000258 0.000627 0.001243 0.001239 0.000159
1640 0.000189 0.000267 0.000635 0.001254 0.001244 0.000162
1650 0.000184 0.000286 0.000661 0.001329 0.001285 0.000164
1660 0.000186 0.000262 0.000631 0.001269 0.001484 0.000166
1670 0.000193 0.000270 0.000638 0.001327 0.001294 0.000169
1680 0.000190 0.000270 0.000672 0.001358 0.001347 0.000167
1690 0.000194 0.000276 0.000644 0.001339 0.001327 0.000170
1700 0.000191 0.000268 0.000642 0.001354 0.001346 0.000169
1710 0.000194 0.000277 0.000663 0.001379 0.001378 0.000175
1720 0.000198 0.000283 0.000693 0.001390 0.001370 0.000169
1730 0.000202 0.000275 0.000673 0.001381 0.001385 0.000169
1740 0.000200 0.000278 0.000665 0.001390 0.001388 0.000171
1750 0.000199 0.000281 0.000670 0.001389 0.001387 0.000174
1760 0.000207 0.000284 0.000677 0.001425 0.001420 0.000173
1770 0.000206 0.000285 0.000674 0.001451 0.001444 0.000174
1780 0.000213 0.000290 0.000694 0.001467 0.001455 0.000172
1790 0.000210 0.000291 0.000684 0.001475 0.001466 0.000174
1800 0.000213 0.000284 0.000686 0.001478 0.001479 0.000174
1810 0.000215 0.000288 0.000700 0.001498 0.001492 0.000183
1820 0.000221 0.000293 0.000700 0.001514 0.001496 0.000176
1830 0.000218 0.000295 0.000698 0.001517 0.001510 0.000177
1840 0.000221 0.000297 0.000697 0.001523 0.001534 0.000178
1850 0.000224 0.000296 0.000704 0.001557 0.001547 0.000182
1860 0.000225 0.000297 0.000713 0.001574 0.001567 0.000180
1870 0.000227 0.000296 0.000717 0.001576 0.001574 0.000185
1880 0.000228 0.000303 0.000720 0.001596 0.001595 0.000185
1890 0.000231 0.000301 0.000725 0.001627 0.001613 0.000186
1900 0.000233 0.000300 0.000724 0.001619 0.001619 0.000183
1910 0.000235 0.000303 0.000735 0.001644 0.001640 0.000184
1920 0.000234 0.000309 0.000731 0.001683 0.001660 0.000186
1930 0.000243 0.000310 0.000738 0.001673 0.001674 0.000186
1940 0.000240 0.000309 0.000751 0.001692 0.001686 0.000189
1950 0.000239 0.000308 0.000752 0.001700 0.001721 0.000191
1960 0.000246 0.000317 0.000762 0.001734 0.001743 0.000197
1970 0.000251 0.000325 0.000780 0.001964 0.001753 0.000192
1980 0.000246 0.000317 0.000768 0.001767 0.001741 0.000189
1990 0.000249 0.000312 0.000763 0.001781 0.001753 0.000192
2000 0.000253 0.000315 0.000777 0.001773 0.001769 0.000193
2010 0.000252 0.000317 0.000773 0.001807 0.001813 0.000193
2020 0.000264 0.000321 0.000770 0.001874 0.001924 0.000195
2030 0.000257 0.000325 0.000795 0.001834 0.001841 0.000198
2040 0.000271 0.000326 0.000787 0.001917 0.001869 0.000198
2050 0.000267 0.000326 0.000825 0.001886 0.001872 0.000203
2060 0.000265 0.000329 0.000794 0.001883 0.001876 0.000199
2070 0.000264 0.000331 0.000798 0.001900 0.001902 0.000202
2080 0.000274 0.000332 0.000797 0.001909 0.001906 0.000200
2090 0.000274 0.000348 0.000821 0.001932 0.001920 0.000202
2100 0.000272 0.000333 0.000817 0.001936 0.001939 0.000201
2110 0.000272 0.000338 0.000817 0.001952 0.001955 0.000202
2120 0.000281 0.000343 0.000814 0.001985 0.001981 0.000203
2130 0.000280 0.000341 0.000824 0.001988 0.001992 0.000209
2140 0.000279 0.000348 0.000834 0.002007 0.002010 0.000206
2150 0.000280 0.000349 0.000832 0.002028 0.002018 0.000209
2160 0.000283 0.000345 0.000844 0.002067 0.002045 0.000211
2170 0.000285 0.000351 0.000860 0.002078 0.002074 0.000207
2180 0.000295 0.000353 0.000848 0.002084 0.002097 0.000211
2190 0.000299 0.000359 0.000852 0.002107 0.002085 0.000210
2200 0.000294 0.000352 0.000860 0.002112 0.002121 0.000211
2210 0.000300 0.000358 0.000862 0.002141 0.002145 0.000212
2220 0.000302 0.000358 0.000863 0.002206 0.002214 0.000222
2230 0.000305 0.000372 0.000891 0.002182 0.002192 0.000214
2240 0.000304 0.000364 0.000872 0.002285 0.002208 0.000220
2250 0.000305 0.000370 0.000876 0.002242 0.002279 0.000218
2260 0.000372 0.000413 0.001025 0.003013 0.002970 0.000294
2270 0.000412 0.000583 0.000926 0.002275 0.002269 0.000221
2280 0.000318 0.000374 0.000970 0.002263 0.002259 0.000220
2290 0.000323 0.000377 0.000898 0.002378 0.002280 0.000224
2300 0.000320 0.000372 0.000900 0.002302 0.002298 0.000224
2310 0.000318 0.000369 0.000907 0.002316 0.002322 0.000222
2320 0.000321 0.000378 0.000906 0.002337 0.002324 0.000224
2330 0.000328 0.000374 0.000922 0.002362 0.002349 0.000223
2340 0.000325 0.000376 0.000915 0.002354 0.002380 0.000228
2350 0.000327 0.000380 0.000938 0.002390 0.002397 0.000227
2360 0.000330 0.000381 0.000933 0.002416 0.002425 0.000227
2370 0.000334 0.000387 0.000930 0.002424 0.002421 0.000234
2380 0.000341 0.000382 0.000941 0.002457 0.002565 0.000228
2390 0.000340 0.000385 0.000935 0.002475 0.002489 0.000231
2400 0.000343 0.000393 0.000938 0.002485 0.002482 0.000233
2410 0.000345 0.000392 0.000947 0.002498 0.002510 0.000233
2420 0.000345 0.000397 0.000950 0.002533 0.002533 0.000236
2430 0.000348 0.000395 0.000953 0.002546 0.002545 0.000235
2440 0.000354 0.000396 0.000951 0.002573 0.002568 0.000234
2450 0.000358 0.000396 0.000958 0.002584 0.002571 0.000239
2460 0.000355 0.000396 0.000967 0.002621 0.002602 0.000239
2470 0.000361 0.000398 0.000970 0.002621 0.002627 0.000237
2480 0.000361 0.000402 0.000973 0.002638 0.002653 0.000242
2490 0.000368 0.000401 0.000975 0.002669 0.002710 0.000245
2500 0.000373 0.000412 0.001004 0.002686 0.002682 0.000243
2510 0.000387 0.000420 0.001002 0.002705 0.002716 0.000248
2520 0.000383 0.000407 0.000997 0.002761 0.002723 0.000247
2530 0.000376 0.000402 0.000995 0.002760 0.002745 0.000247
2540 0.000378 0.000409 0.001012 0.002784 0.002783 0.000250
2550 0.000378 0.000412 0.001011 0.002790 0.002799 0.000250
2560 0.000379 0.000413 0.001017 0.002814 0.002811 0.000246
2570 0.000384 0.000411 0.001025 0.002853 0.002823 0.000250
2580 0.000385 0.000418 0.001024 0.002858 0.002866 0.000248
2590 0.000385 0.000417 0.001027 0.002865 0.002878 0.000257
2600 0.000399 0.000426 0.001041 0.002950 0.002929 0.000254
2610 0.000405 0.000424 0.001043 0.002956 0.002962 0.000257
2620 0.000404 0.000424 0.001051 0.002959 0.002962 0.000258
2630 0.000403 0.000437 0.001053 0.002985 0.002987 0.000256
2640 0.000412 0.000432 0.001060 0.003015 0.003004 0.000258
2650 0.000411 0.000433 0.001068 0.003046 0.003066 0.000259
2660 0.000414 0.000469 0.001064 0.003048 0.003087 0.000263
2670 0.000415 0.000445 0.001077 0.003079 0.003066 0.000261
2680 0.000416 0.000439 0.001082 0.003075 0.003083 0.000259
2690 0.000422 0.000447 0.001081 0.003169 0.003108 0.000264
2700 0.000425 0.000444 0.001084 0.003133 0.003117 0.000266
2710 0.000424 0.000455 0.001083 0.003173 0.003164 0.000266
2720 0.000423 0.000462 0.001128 0.003199 0.003200 0.000270
2730 0.000428 0.000452 0.001097 0.003198 0.003210 0.000267
2740 0.000436 0.000460 0.001107 0.003193 0.003191 0.000264
2750 0.000433 0.000452 0.001100 0.003201 0.003216 0.000271
2760 0.000433 0.000450 0.001098 0.003214 0.003240 0.000263
2770 0.000441 0.000452 0.001109 0.003250 0.003250 0.000266
2780 0.000438 0.000458 0.001120 0.003261 0.003272 0.000269
2790 0.000442 0.000459 0.001109 0.003303 0.003297 0.000270
2800 0.000441 0.000461 0.001113 0.003302 0.003331 0.000271
2810 0.000442 0.000456 0.001124 0.003341 0.003375 0.000271
2820 0.000444 0.000458 0.001136 0.003409 0.003347 0.000274
2830 0.000450 0.000462 0.001126 0.003380 0.003371 0.000275
2840 0.000459 0.000465 0.001134 0.003395 0.003409 0.000272
2850 0.000465 0.000471 0.001150 0.003426 0.003422 0.000273
2860 0.000461 0.000468 0.001149 0.003453 0.003458 0.000279
2870 0.000460 0.000474 0.001148 0.003476 0.003482 0.000281
2880 0.000473 0.000469 0.001154 0.003494 0.003491 0.000282
2890 0.000463 0.000472 0.001158 0.003508 0.003516 0.000278
2900 0.000467 0.000468 0.001165 0.003536 0.003528 0.000287
2910 0.000476 0.000475 0.001169 0.003576 0.003571 0.000284
2920 0.000470 0.000474 0.001173 0.003591 0.003590 0.000284
2930 0.000472 0.000477 0.001174 0.003661 0.003604 0.000284
2940 0.000477 0.000480 0.001178 0.003631 0.003612 0.000287
2950 0.000483 0.000482 0.001184 0.003655 0.003643 0.000285
2960 0.000486 0.000481 0.001186 0.003670 0.003665 0.000284
2970 0.000490 0.000488 0.001193 0.003747 0.003707 0.000288
2980 0.000488 0.000485 0.001197 0.003723 0.003715 0.000289
2990 0.000492 0.000488 0.001197 0.003748 0.003748 0.000290
3000 0.000491 0.000488 0.001195 0.003781 0.003778 0.000291
3010 0.000500 0.000501 0.001212 0.003835 0.003801 0.000291
3020 0.000504 0.000497 0.001221 0.003832 0.003826 0.000292
3030 0.000503 0.000492 0.001233 0.003866 0.003836 0.000293
3040 0.000514 0.000496 0.001228 0.003873 0.003876 0.000295
3050 0.000506 0.000490 0.001233 0.003907 0.003892 0.000299
3060 0.000510 0.000492 0.001239 0.003916 0.003909 0.000295
3070 0.000515 0.000495 0.001235 0.003941 0.003950 0.000298
3080 0.000510 0.000501 0.001242 0.003974 0.004066 0.000296
3090 0.000543 0.000509 0.001249 0.004049 0.004004 0.000299
3100 0.000520 0.000507 0.001259 0.004010 0.004027 0.000299
3110 0.000528 0.000508 0.001249 0.004030 0.004060 0.000323
3120 0.000531 0.000512 0.001263 0.004044 0.004077 0.000301
3130 0.000529 0.000517 0.001263 0.004092 0.004085 0.000305
3140 0.000540 0.000520 0.001264 0.004152 0.004118 0.000302
3150 0.000531 0.000517 0.001281 0.004161 0.004126 0.000304
3160 0.000539 0.000525 0.001296 0.004154 0.004165 0.000306
3170 0.000540 0.000520 0.001292 0.004176 0.004177 0.000305
3180 0.000545 0.000534 0.001293 0.004207 0.004218 0.000311
3190 0.000547 0.000523 0.001313 0.004243 0.004259 0.000306
3200 0.000560 0.000528 0.001299 0.004284 0.004256 0.000307
3210 0.000553 0.000532 0.001305 0.004296 0.004279 0.000312
3220 0.000551 0.000530 0.001301 0.004313 0.004306 0.000308
3230 0.000552 0.000536 0.001312 0.004324 0.004337 0.000310
3240 0.000557 0.000543 0.001317 0.004392 0.004364 0.000310
3250 0.000561 0.000541 0.001326 0.004460 0.004414 0.000308
3260 0.000564 0.000545 0.001320 0.004457 0.004444 0.000316
3270 0.000576 0.000546 0.001328 0.004451 0.004447 0.000317
3280 0.000566 0.000551 0.001341 0.004481 0.004462 0.000316
3290 0.000569 0.000548 0.001337 0.004493 0.004493 0.000320
3300 0.000573 0.000556 0.001356 0.004509 0.004507 0.000320
3310 0.000579 0.000549 0.001346 0.004541 0.004561 0.000324
3320 0.000579 0.000557 0.001356 0.004560 0.004594 0.000320
3330 0.000578 0.000563 0.001356 0.004623 0.004601 0.000324
3340 0.000594 0.000564 0.001366 0.004638 0.004625 0.000328
3350 0.000586 0.000562 0.001368 0.004660 0.004660 0.000325
3360 0.000597 0.000561 0.001374 0.004703 0.004701 0.000327
3370 0.000598 0.000566 0.001380 0.004749 0.004743 0.000326
3380 0.000605 0.000573 0.001380 0.004749 0.004787 0.000326
3390 0.000610 0.000572 0.001392 0.004769 0.004772 0.000325
3400 0.000608 0.000573 0.001392 0.004816 0.004795 0.000334
3410 0.000607 0.000575 0.001394 0.004826 0.004819 0.000330
3420 0.000611 0.000580 0.001396 0.004845 0.004852 0.000330
3430 0.000617 0.000585 0.001409 0.004909 0.004860 0.000334
3440 0.000618 0.000581 0.001420 0.004901 0.004889 0.000337
3450 0.000619 0.000588 0.001417 0.004962 0.004914 0.000330
3460 0.000621 0.000578 0.001418 0.004984 0.004963 0.000335
3470 0.000627 0.000584 0.001418 0.004973 0.004967 0.000337
3480 0.000633 0.000594 0.001419 0.005004 0.005046 0.000339
3490 0.000626 0.000595 0.001434 0.005031 0.005018 0.000336
3500 0.000630 0.000598 0.001435 0.005061 0.005050 0.000342
3510 0.000640 0.000586 0.001434 0.005084 0.005069 0.000341
3520 0.000639 0.000587 0.001450 0.005186 0.005115 0.000337
3530 0.000641 0.000595 0.001455 0.005151 0.005135 0.000344
3540 0.000650 0.000598 0.001455 0.005175 0.005149 0.000344
3550 0.000653 0.000591 0.001460 0.005190 0.005192 0.000342
3560 0.000652 0.000596 0.001456 0.005235 0.005260 0.000344
3570 0.000660 0.000592 0.001464 0.005272 0.005252 0.000342
3580 0.000655 0.000598 0.001479 0.005290 0.005309 0.000349
3590 0.000658 0.000600 0.001480 0.005300 0.005378 0.000354
3600 0.000696 0.000609 0.001482 0.005318 0.005339 0.000356
3610 0.000675 0.000599 0.001484 0.005378 0.005372 0.000354
3620 0.000669 0.000619 0.001492 0.005402 0.005368 0.000350
3630 0.000674 0.000619 0.001500 0.005410 0.005410 0.000352
3640 0.000685 0.000609 0.001509 0.005473 0.005436 0.000350
3650 0.000686 0.000614 0.001497 0.005453 0.005469 0.000351
3660 0.000678 0.000615 0.001507 0.005516 0.005489 0.000354
3670 0.000683 0.000621 0.001506 0.005525 0.005531 0.000353
3680 0.000684 0.000627 0.001515 0.005564 0.005571 0.000358
3690 0.000688 0.000620 0.001532 0.005586 0.005586 0.000360
3700 0.000696 0.000627 0.001530 0.005681 0.005607 0.000353
3710 0.000695 0.000623 0.001528 0.005641 0.005675 0.000356
3720 0.000694 0.000632 0.001530 0.005690 0.005660 0.000359
3730 0.000708 0.000629 0.001548 0.005767 0.005726 0.000357
3740 0.000715 0.000640 0.001545 0.005749 0.005733 0.000359
3750 0.000711 0.000638 0.001547 0.005815 0.005780 0.000362
3760 0.000720 0.000719 0.001576 0.005779 0.005815 0.000366
3770 0.000727 0.000640 0.001549 0.005839 0.005882 0.000365
3780 0.000726 0.000646 0.001678 0.005869 0.005872 0.000363
3790 0.000721 0.000646 0.001567 0.005903 0.005939 0.000371
3800 0.000739 0.000644 0.001577 0.005944 0.005926 0.000367
3810 0.000727 0.000650 0.001577 0.005956 0.005991 0.000372
3820 0.000747 0.000648 0.001575 0.005966 0.005947 0.000370
3830 0.000741 0.000644 0.001592 0.006038 0.006028 0.000367
3840 0.000736 0.000654 0.001583 0.006090 0.006021 0.000375
3850 0.000741 0.000647 0.001585 0.006026 0.006069 0.000369
