0 0.000560
1 0.000572
2 0.000586
3 0.000602
4 0.000616
5 0.000627
6 0.000635
7 0.000646
8 0.000653
9 0.000663
10 0.000665
11 0.000672
12 0.000679
13 0.000679
14 0.000686
15 0.000687
16 0.000690
17 0.000697
18 0.000727
19 0.000701
20 0.000706
21 0.000707
22 0.000707
23 0.000709
24 0.000713
25 0.000715
26 0.000726
27 0.000745
28 0.000749
29 0.000754
30 0.000762
31 0.000769
32 0.000779
33 0.000782
34 0.000786
35 0.000785
36 0.000793
37 0.000795
38 0.000796
39 0.000798
40 0.000824
41 0.000819
42 0.000813
43 0.000819
44 0.000820
45 0.000821
46 0.000817
47 0.000824
48 0.000825
49 0.000834
50 0.000837
51 0.000838
52 0.000835
53 0.000845
54 0.000847
55 0.000848
56 0.000853
57 0.000860
58 0.000857
59 0.000865
60 0.000870
61 0.000872
62 0.000870
63 0.000871
64 0.000871
65 0.000871
66 0.000871
67 0.000876
68 0.000879
69 0.000879
70 0.000880
71 0.000880
72 0.000883
73 0.000883
74 0.000882
75 0.000880
76 0.000887
77 0.000886
78 0.000892
79 0.000892
80 0.000889
81 0.000891
82 0.000849
83 0.000794
84 0.000794
85 0.000797
86 0.000794
87 0.000794
88 0.000795
89 0.000797
90 0.000796
91 0.000798
92 0.000916
93 0.000870
94 0.000800
95 0.000802
96 0.000802
97 0.000820
98 0.000898
99 0.000804
100 0.000805
101 0.000805
102 0.000807
103 0.000807
104 0.000808
105 0.000808
106 0.000807
107 0.000811
108 0.000813
109 0.000812
110 0.000817
111 0.000815
112 0.000814
113 0.000819
114 0.000818
115 0.000818
116 0.000818
117 0.000815
118 0.000820
119 0.000819
120 0.000823
121 0.000840
122 0.000822
123 0.000819
124 0.000823
125 0.000825
126 0.000823
127 0.000824
128 0.000825
129 0.000830
130 0.000829
131 0.000826
132 0.000827
133 0.000827
134 0.000828
135 0.000830
136 0.000830
137 0.000832
138 0.000831
139 0.000829
140 0.000828
141 0.000832
142 0.000836
143 0.000832
144 0.000836
145 0.000836
146 0.000839
147 0.000841
148 0.000836
149 0.000839
150 0.000841
151 0.000837
152 0.000842
153 0.000846
154 0.000846
155 0.000843
156 0.000846
157 0.000843
158 0.000845
159 0.000846
160 0.000848
161 0.000846
162 0.000846
163 0.000850
164 0.000855
165 0.000851
166 0.000861
167 0.000862
168 0.000856
169 0.000858
170 0.000858
171 0.000859
172 0.000856
173 0.000860
174 0.000865
175 0.000871
176 0.000865
177 0.000865
178 0.000862
179 0.000865
180 0.000868
181 0.000866
182 0.000872
183 0.000866
184 0.000869
185 0.000856
186 0.000864
187 0.000863
188 0.000867
189 0.000867
190 0.000864
191 0.000862
192 0.000867
193 0.000865
194 0.000868
195 0.000865
196 0.000864
197 0.000865
198 0.000865
199 0.000866
200 0.000868
201 0.000869
202 0.000867
203 0.000876
204 0.000869
205 0.000868
206 0.000867
207 0.000869
208 0.000870
209 0.000869
210 0.000872
211 0.000871
212 0.000870
213 0.000871
214 0.000914
215 0.000913
216 0.000872
