0 0.000812
1 0.000801
2 0.000815
3 0.000804
4 0.000812
5 0.000804
6 0.000816
7 0.000808
8 0.000819
9 0.000811
10 0.000815
11 0.000808
12 0.000814
13 0.000807
14 0.000848
15 0.000805
16 0.000816
17 0.000802
18 0.000811
19 0.000801
20 0.000811
21 0.000806
22 0.000844
23 0.000838
24 0.000852
25 0.000851
26 0.000868
27 0.000865
28 0.000877
29 0.000866
30 0.000881
31 0.000872
32 0.000881
33 0.000870
34 0.000913
35 0.000887
36 0.000896
37 0.000889
38 0.000900
39 0.000886
40 0.000899
41 0.000889
42 0.000907
43 0.000899
44 0.000909
45 0.000897
46 0.000915
47 0.000908
48 0.000918
49 0.000910
50 0.000930
51 0.000912
52 0.000934
53 0.000922
54 0.000934
55 0.000921
56 0.000931
57 0.000922
58 0.000930
59 0.000923
60 0.000936
61 0.000924
62 0.000933
63 0.000922
64 0.000934
65 0.000923
66 0.000931
67 0.000921
68 0.000935
69 0.000926
70 0.000940
71 0.000923
72 0.000932
73 0.000891
74 0.000821
75 0.000807
76 0.000816
77 0.000809
78 0.000815
79 0.000803
80 0.000815
81 0.000804
82 0.000816
83 0.000938
84 0.000890
85 0.000804
86 0.000817
87 0.000805
88 0.000847
89 0.000898
90 0.000816
91 0.000805
92 0.000814
93 0.000805
94 0.000815
95 0.000805
96 0.000814
97 0.000801
98 0.000816
99 0.000805
100 0.000815
101 0.000809
102 0.000819
103 0.000806
104 0.000821
105 0.000808
106 0.000818
107 0.000806
108 0.000814
109 0.000807
110 0.000816
111 0.000812
112 0.000836
113 0.000808
114 0.000816
115 0.000806
116 0.000818
117 0.000805
118 0.000816
119 0.000806
120 0.000819
121 0.000811
122 0.000819
123 0.000806
124 0.000814
125 0.000806
126 0.000818
127 0.000807
128 0.000818
129 0.000808
130 0.000813
131 0.000801
132 0.000815
133 0.000806
134 0.000818
135 0.000807
136 0.000817
137 0.000808
138 0.000823
139 0.000806
140 0.000817
141 0.000807
142 0.000819
143 0.000805
144 0.000824
145 0.000812
146 0.000821
147 0.000810
148 0.000820
149 0.000809
150 0.000820
151 0.000812
152 0.000818
153 0.000810
154 0.000819
155 0.000810
156 0.000826
157 0.000811
158 0.000833
159 0.000825
160 0.000829
161 0.000817
162 0.000828
163 0.000820
164 0.000825
165 0.000818
166 0.000830
167 0.000828
168 0.000835
169 0.000822
170 0.000833
171 0.000819
172 0.000832
173 0.000822
174 0.000833
175 0.000827
176 0.000830
177 0.000822
178 0.000818
179 0.000814
180 0.000823
181 0.000814
182 0.000828
183 0.000816
184 0.000820
185 0.000814
186 0.000824
187 0.000815
188 0.000820
189 0.000811
190 0.000820
191 0.000810
192 0.000819
193 0.000810
194 0.000824
195 0.000814
196 0.000821
197 0.000818
198 0.000823
199 0.000811
200 0.000819
201 0.000810
202 0.000820
203 0.000808
204 0.000822
205 0.000812
206 0.000818
207 0.000808
208 0.000819
209 0.000883
210 0.000842
211 0.000809
212 0.000823
213 0.000808
214 0.000822
215 0.000850
216 0.000818
217 0.000808
218 0.000853
219 0.000958
220 0.000970
221 0.000955
222 0.000969
223 0.000918
224 0.000819
225 0.000809
226 0.000817
227 0.000808
228 0.000818
229 0.000896
230 0.000964
231 0.000953
232 0.000972
233 0.000953
234 0.000939
235 0.000809
236 0.000819
237 0.000849
238 0.000958
239 0.000948
240 0.000960
241 0.000841
242 0.000818
243 0.000824
244 0.000963
245 0.000951
246 0.000838
247 0.000807
248 0.000819
249 0.000804
250 0.000937
251 0.000952
252 0.000962
253 0.000950
254 0.000960
255 0.000948
256 0.000966
257 0.000950
258 0.000961
259 0.000952
260 0.000967
261 0.000954
262 0.000969
263 0.000949
264 0.000965
265 0.000952
266 0.000966
267 0.000953
268 0.000967
269 0.000954
270 0.000961
271 0.000954
272 0.000963
273 0.000956
274 0.000970
275 0.000957
276 0.000970
277 0.000958
278 0.000968
279 0.000961
280 0.000971
281 0.000961
282 0.000972
283 0.000955
284 0.000968
285 0.000962
286 0.000970
287 0.000963
288 0.000974
289 0.000961
290 0.000972
291 0.000960
292 0.000966
293 0.000959
294 0.000967
295 0.000957
296 0.000970
297 0.000952
298 0.000966
299 0.000957
300 0.000963
301 0.000955
302 0.000970
303 0.000955
304 0.000968
305 0.000957
306 0.000970
307 0.000956
308 0.000968
309 0.000956
310 0.000965
311 0.000958
312 0.000969
313 0.000841
314 0.000818
315 0.000806
316 0.000877
317 0.000954
318 0.000973
319 0.000957
320 0.000967
321 0.000955
322 0.000970
323 0.000959
324 0.000969
325 0.000959
326 0.000967
327 0.000955
328 0.000953
