0 0.000560
1 0.000572
2 0.000584
3 0.000602
4 0.000615
5 0.000626
6 0.000634
7 0.000644
8 0.000652
9 0.000660
10 0.000665
11 0.000671
12 0.000679
13 0.000678
14 0.000686
15 0.000688
16 0.000690
17 0.000696
18 0.000726
19 0.000700
20 0.000704
21 0.000705
22 0.000707
23 0.000708
24 0.000712
25 0.000714
26 0.000721
27 0.000743
28 0.000748
29 0.000751
30 0.000760
31 0.000767
32 0.000777
33 0.000780
34 0.000787
35 0.000784
36 0.000792
37 0.000796
38 0.000796
39 0.000798
40 0.000797
41 0.000843
42 0.000811
43 0.000817
44 0.000819
45 0.000821
46 0.000818
47 0.000822
48 0.000824
49 0.000833
50 0.000838
51 0.000838
52 0.000833
53 0.000844
54 0.000847
55 0.000848
56 0.000852
57 0.000856
58 0.000860
59 0.000859
60 0.000868
61 0.000868
62 0.000872
63 0.000869
64 0.000872
65 0.000870
66 0.000870
67 0.000873
68 0.000876
69 0.000880
70 0.000881
71 0.000876
72 0.000881
73 0.000880
74 0.000883
75 0.000882
76 0.000884
77 0.000887
78 0.000892
79 0.000892
80 0.000887
81 0.000889
82 0.000867
83 0.000797
84 0.000793
85 0.000794
86 0.000799
87 0.000795
88 0.000796
89 0.000798
90 0.000797
91 0.000796
92 0.000892
93 0.000893
94 0.000799
95 0.000803
96 0.000802
97 0.000802
98 0.000912
99 0.000808
100 0.000805
101 0.000806
102 0.000806
103 0.000807
104 0.000808
105 0.000810
106 0.000807
107 0.000809
108 0.000811
109 0.000811
110 0.000817
111 0.000813
112 0.000816
113 0.000817
114 0.000817
115 0.000818
116 0.000818
117 0.000815
118 0.000819
119 0.000820
120 0.000823
121 0.000840
122 0.000821
123 0.000822
124 0.000822
125 0.000824
126 0.000823
127 0.000823
128 0.000825
129 0.000827
130 0.000830
131 0.000829
132 0.000826
133 0.000827
134 0.000828
135 0.000829
136 0.000831
137 0.000832
138 0.000832
139 0.000829
140 0.000828
141 0.000832
142 0.000835
143 0.000833
144 0.000837
145 0.000835
146 0.000840
147 0.000840
148 0.000837
149 0.000838
150 0.000839
151 0.000838
152 0.000840
153 0.000848
154 0.000846
155 0.000842
156 0.000845
157 0.000845
158 0.000845
159 0.000846
160 0.000847
161 0.000846
162 0.000847
163 0.000848
164 0.000854
165 0.000852
166 0.000859
167 0.000863
168 0.000859
169 0.000856
170 0.000859
171 0.000859
172 0.000856
173 0.000859
174 0.000863
175 0.000868
176 0.000866
177 0.000865
178 0.000864
179 0.000861
180 0.000869
181 0.000863
182 0.000872
183 0.000866
184 0.000869
185 0.000859
186 0.000860
187 0.000863
188 0.000863
189 0.000869
190 0.000867
191 0.000860
192 0.000867
193 0.000864
194 0.000867
195 0.000864
196 0.000865
197 0.000866
198 0.000865
199 0.000865
200 0.000867
201 0.000870
202 0.000868
203 0.000871
204 0.000873
205 0.000869
206 0.000866
207 0.000870
208 0.000868
209 0.000869
210 0.000871
211 0.000873
212 0.000868
213 0.000869
214 0.000884
215 0.000944
216 0.000870
