0 0.000207
1 0.000207
2 0.000207
3 0.000206
4 0.000207
5 0.000207
6 0.000207
7 0.000207
8 0.000207
9 0.000208
10 0.000207
11 0.000206
12 0.000207
13 0.000207
14 0.000207
15 0.000207
16 0.000207
17 0.000206
18 0.000207
19 0.000206
20 0.000206
21 0.000206
22 0.000207
23 0.000209
24 0.000207
25 0.000207
26 0.000207
27 0.000208
28 0.000210
29 0.000208
30 0.000208
31 0.000208
32 0.000207
33 0.000208
34 0.000209
35 0.000208
36 0.000208
37 0.000208
38 0.000210
39 0.000207
40 0.000208
41 0.000207
42 0.000207
43 0.000209
44 0.000208
45 0.000207
46 0.000208
47 0.000207
48 0.000207
49 0.000206
50 0.000207
51 0.000206
52 0.000207
53 0.000208
54 0.000208
55 0.000207
56 0.000207
57 0.000235
58 0.000207
59 0.000206
60 0.000207
61 0.000207
62 0.000207
63 0.000208
64 0.000207
65 0.000207
66 0.000207
67 0.000207
68 0.000207
69 0.000206
70 0.000206
71 0.000207
72 0.000207
73 0.000207
74 0.000206
75 0.000206
76 0.000206
77 0.000207
78 0.000207
79 0.000206
80 0.000206
81 0.000206
82 0.000206
83 0.000205
84 0.000206
85 0.000209
86 0.000213
87 0.000214
88 0.000214
89 0.000214
90 0.000215
91 0.000214
92 0.000215
93 0.000216
94 0.000216
95 0.000216
96 0.000217
97 0.000217
98 0.000218
99 0.000217
100 0.000219
101 0.000219
102 0.000219
103 0.000219
104 0.000222
105 0.000222
106 0.000222
107 0.000223
108 0.000221
109 0.000223
110 0.000222
111 0.000224
112 0.000223
113 0.000224
114 0.000224
115 0.000224
116 0.000223
117 0.000222
118 0.000223
119 0.000224
120 0.000224
121 0.000224
122 0.000224
123 0.000226
124 0.000223
125 0.000224
126 0.000225
127 0.000225
128 0.000224
129 0.000224
130 0.000225
131 0.000225
132 0.000224
133 0.000223
134 0.000223
135 0.000243
136 0.000233
137 0.000232
138 0.000229
139 0.000227
140 0.000227
141 0.000227
142 0.000228
143 0.000228
144 0.000228
145 0.000229
146 0.000228
147 0.000229
148 0.000229
149 0.000229
150 0.000228
151 0.000229
152 0.000229
153 0.000226
154 0.000229
155 0.000227
156 0.000227
157 0.000228
158 0.000228
159 0.000230
160 0.000228
161 0.000229
162 0.000229
163 0.000228
164 0.000228
165 0.000228
166 0.000232
167 0.000230
168 0.000231
169 0.000230
170 0.000233
171 0.000233
172 0.000230
173 0.000232
174 0.000232
175 0.000230
176 0.000230
177 0.000231
178 0.000232
179 0.000234
180 0.000234
181 0.000236
182 0.000236
183 0.000236
184 0.000238
185 0.000237
186 0.000238
187 0.000239
188 0.000238
189 0.000240
190 0.000240
191 0.000240
192 0.000240
193 0.000241
194 0.000245
195 0.000244
196 0.000246
197 0.000247
198 0.000247
199 0.000246
200 0.000245
201 0.000248
202 0.000247
203 0.000250
204 0.000252
205 0.000252
206 0.000254
207 0.000257
208 0.000256
209 0.000257
210 0.000259
211 0.000257
212 0.000259
213 0.000256
214 0.000258
215 0.000258
216 0.000260
217 0.000260
218 0.000258
219 0.000259
220 0.000260
221 0.000259
222 0.000260
223 0.000261
224 0.000262
225 0.000259
226 0.000258
227 0.000259
228 0.000259
229 0.000261
230 0.000261
231 0.000262
232 0.000262
233 0.000262
234 0.000262
235 0.000261
236 0.000262
237 0.000261
238 0.000262
239 0.000263
240 0.000261
241 0.000262
242 0.000259
243 0.000261
244 0.000264
245 0.000261
246 0.000261
247 0.000260
248 0.000264
249 0.000261
250 0.000261
251 0.000264
252 0.000261
253 0.000260
254 0.000260
255 0.000261
256 0.000261
257 0.000262
258 0.000261
259 0.000262
260 0.000261
261 0.000263
262 0.000260
263 0.000262
264 0.000262
265 0.000262
266 0.000265
267 0.000265
268 0.000264
269 0.000263
270 0.000263
271 0.000263
272 0.000264
273 0.000262
274 0.000264
275 0.000263
276 0.000263
277 0.000266
278 0.000267
279 0.000267
280 0.000246
281 0.000237
282 0.000234
283 0.000235
284 0.000233
285 0.000234
286 0.000234
287 0.000237
288 0.000237
289 0.000237
290 0.000237
291 0.000240
292 0.000240
293 0.000240
294 0.000240
295 0.000241
296 0.000241
297 0.000241
298 0.000242
299 0.000242
300 0.000243
301 0.000244
302 0.000244
303 0.000245
304 0.000246
305 0.000246
306 0.000246
307 0.000247
308 0.000247
309 0.000248
310 0.000249
311 0.000266
312 0.000289
313 0.000288
314 0.000288
315 0.000291
316 0.000276
317 0.000252
318 0.000251
319 0.000252
320 0.000252
321 0.000253
322 0.000252
323 0.000253
324 0.000253
325 0.000253
326 0.000253
327 0.000253
328 0.000252
329 0.000252
330 0.000287
331 0.000290
332 0.000292
333 0.000266
334 0.000253
335 0.000254
336 0.000254
337 0.000253
338 0.000254
339 0.000253
340 0.000254
341 0.000254
342 0.000253
343 0.000253
344 0.000253
345 0.000254
346 0.000254
347 0.000254
348 0.000253
349 0.000254
350 0.000254
351 0.000253
352 0.000254
353 0.000254
354 0.000253
355 0.000253
356 0.000253
357 0.000253
358 0.000253
359 0.000254
360 0.000254
361 0.000253
362 0.000254
363 0.000254
364 0.000254
365 0.000254
366 0.000254
367 0.000255
368 0.000256
369 0.000256
370 0.000256
371 0.000255
372 0.000255
373 0.000255
374 0.000257
375 0.000256
376 0.000257
377 0.000256
378 0.000258
379 0.000259
380 0.000258
381 0.000258
382 0.000259
383 0.000259
384 0.000260
385 0.000260
386 0.000259
387 0.000260
388 0.000260
389 0.000260
390 0.000259
391 0.000260
392 0.000261
393 0.000264
394 0.000265
395 0.000266
396 0.000266
397 0.000266
398 0.000265
399 0.000266
400 0.000268
401 0.000268
402 0.000269
403 0.000288
404 0.000270
405 0.000270
406 0.000271
407 0.000272
408 0.000271
409 0.000271
410 0.000272
411 0.000271
412 0.000273
413 0.000273
414 0.000273
415 0.000274
416 0.000274
417 0.000273
418 0.000273
419 0.000274
420 0.000274
421 0.000274
422 0.000274
423 0.000274
424 0.000274
425 0.000274
426 0.000275
427 0.000275
428 0.000276
429 0.000277
430 0.000277
431 0.000276
432 0.000276
433 0.000277
434 0.000277
435 0.000276
436 0.000276
437 0.000276
438 0.000275
439 0.000275
440 0.000275
441 0.000275
442 0.000276
443 0.000276
444 0.000276
445 0.000277
446 0.000278
447 0.000276
448 0.000277
449 0.000276
450 0.000277
451 0.000276
452 0.000277
453 0.000277
454 0.000277
455 0.000277
456 0.000276
457 0.000276
458 0.000275
459 0.000277
460 0.000276
461 0.000276
462 0.000277
463 0.000277
464 0.000276
465 0.000278
466 0.000278
467 0.000278
468 0.000280
469 0.000279
470 0.000278
471 0.000279
472 0.000279
473 0.000280
474 0.000279
475 0.000278
476 0.000279
477 0.000280
478 0.000281
479 0.000280
480 0.000282
481 0.000281
482 0.000282
483 0.000281
484 0.000280
485 0.000281
486 0.000281
487 0.000283
488 0.000283
489 0.000281
490 0.000283
491 0.000282
492 0.000283
493 0.000283
494 0.000282
495 0.000283
496 0.000284
497 0.000285
498 0.000288
499 0.000290
500 0.000288
501 0.000288
502 0.000290
503 0.000290
504 0.000290
505 0.000289
506 0.000290
507 0.000290
508 0.000291
509 0.000291
510 0.000291
511 0.000292
512 0.000293
513 0.000294
514 0.000293
515 0.000294
516 0.000294
517 0.000295
518 0.000295
519 0.000295
520 0.000295
521 0.000296
522 0.000294
523 0.000296
524 0.000297
525 0.000299
526 0.000295
527 0.000296
528 0.000297
529 0.000298
530 0.000297
531 0.000298
532 0.000300
533 0.000300
534 0.000300
535 0.000298
536 0.000300
537 0.000300
538 0.000303
539 0.000302
540 0.000303
541 0.000302
542 0.000300
543 0.000300
544 0.000300
545 0.000298
546 0.000302
547 0.000301
548 0.000301
549 0.000300
550 0.000300
551 0.000302
552 0.000300
553 0.000299
554 0.000300
555 0.000301
556 0.000301
557 0.000301
558 0.000301
559 0.000301
560 0.000303
561 0.000303
562 0.000305
563 0.000307
564 0.000302
565 0.000305
566 0.000302
567 0.000304
568 0.000304
569 0.000303
570 0.000303
571 0.000303
572 0.000302
573 0.000304
574 0.000304
575 0.000302
576 0.000306
577 0.000305
578 0.000305
579 0.000303
580 0.000304
