100 0.000002 0.000002 0.000004 0.000002 0.000002 0.000002 0.000003 0.000002 0.000002
200 0.000006 0.000005 0.000011 0.000005 0.000005 0.000005 0.000009 0.000005 0.000005
300 0.000012 0.000011 0.000018 0.000011 0.000011 0.000011 0.000017 0.000008 0.000009
400 0.000017 0.000017 0.000026 0.000017 0.000017 0.000016 0.000027 0.000012 0.000013
500 0.000026 0.000026 0.000034 0.000030 0.000025 0.000025 0.000037 0.000018 0.000019
600 0.000039 0.000038 0.000043 0.000037 0.000037 0.000054 0.000048 0.000026 0.000028
700 0.000053 0.000052 0.000051 0.000051 0.000050 0.000065 0.000058 0.000034 0.000038
800 0.000069 0.000066 0.000059 0.000078 0.000078 0.000076 0.000071 0.000043 0.000048
900 0.000081 0.000081 0.000072 0.000090 0.000096 0.000088 0.000084 0.000054 0.000059
1000 0.000102 0.000103 0.000081 0.000101 0.000101 0.000098 0.000097 0.000064 0.000075
1100 0.000122 0.000121 0.000093 0.000112 0.000112 0.000111 0.000105 0.000083 0.000096
1200 0.000141 0.000141 0.000105 0.000124 0.000125 0.000125 0.000117 0.000086 0.000096
1300 0.000135 0.000133 0.000113 0.000135 0.000139 0.000132 0.000129 0.000102 0.000127
1400 0.000154 0.000151 0.000124 0.000151 0.000146 0.000144 0.000141 0.000113 0.000144
1500 0.000167 0.000164 0.000134 0.000157 0.000157 0.000154 0.000153 0.000130 0.000158
1600 0.000191 0.000182 0.000151 0.000168 0.000169 0.000166 0.000170 0.000139 0.000177
1700 0.000204 0.000205 0.000161 0.000180 0.000180 0.000177 0.000182 0.000152 0.000186
1800 0.000227 0.000220 0.000172 0.000192 0.000193 0.000193 0.000190 0.000167 0.000203
1900 0.000243 0.000242 0.000180 0.000207 0.000207 0.000201 0.000205 0.000177 0.000221
2000 0.000266 0.000256 0.000194 0.000215 0.000215 0.000212 0.000217 0.000189 0.000234
2100 0.000283 0.000281 0.000204 0.000227 0.000231 0.000228 0.000230 0.000222 0.000262
2200 0.000302 0.000300 0.000216 0.000239 0.000239 0.000236 0.000244 0.000213 0.000231
2300 0.000326 0.000329 0.000235 0.000257 0.000257 0.000248 0.000258 0.000249 0.000296
2400 0.000354 0.000349 0.000244 0.000267 0.000267 0.000264 0.000268 0.000269 0.000311
2500 0.000320 0.000309 0.000253 0.000275 0.000275 0.000276 0.000277 0.000277 0.000327
2600 0.000336 0.000329 0.000268 0.000286 0.000288 0.000289 0.000294 0.000292 0.000342
2700 0.000356 0.000349 0.000281 0.000304 0.000302 0.000296 0.000309 0.000314 0.000366
2800 0.000369 0.000366 0.000289 0.000311 0.000313 0.000311 0.000317 0.000324 0.000375
2900 0.000388 0.000381 0.000302 0.000322 0.000328 0.000322 0.000336 0.000339 0.000389
3000 0.000412 0.000399 0.000317 0.000335 0.000338 0.000337 0.000341 0.000352 0.000407
3100 0.000425 0.000423 0.000333 0.000349 0.000347 0.000344 0.000357 0.000370 0.000425
3200 0.000444 0.000441 0.000343 0.000360 0.000365 0.000361 0.000371 0.000375 0.000436
3300 0.000462 0.000456 0.000356 0.000372 0.000372 0.000370 0.000388 0.000369 0.000422
3400 0.000487 0.000479 0.000373 0.000388 0.000385 0.000388 0.000404 0.000411 0.000472
3500 0.000502 0.000493 0.000386 0.000404 0.000398 0.000394 0.000411 0.000422 0.000486
3600 0.000526 0.000517 0.000395 0.000410 0.000413 0.000410 0.000421 0.000443 0.000512
3700 0.000553 0.000543 0.000408 0.000420 0.000423 0.000418 0.000442 0.000464 0.000525
3800 0.000564 0.000562 0.000427 0.000433 0.000437 0.000437 0.000456 0.000454 0.000527
3900 0.000582 0.000571 0.000437 0.000449 0.000447 0.000449 0.000471 0.000486 0.000570
4000 0.000603 0.000603 0.000461 0.000459 0.000478 0.000459 0.000488 0.000519 0.000580
4100 0.000628 0.000620 0.000458 0.000481 0.000473 0.000478 0.000482 0.000649 0.000634
4200 0.000646 0.000633 0.000474 0.000485 0.000489 0.000484 0.000509 0.000682 0.000658
4300 0.000670 0.000658 0.000488 0.000501 0.000497 0.000495 0.000525 0.000702 0.000681
4400 0.000685 0.000671 0.000500 0.000510 0.000512 0.000510 0.000537 0.000708 0.000692
4500 0.000700 0.000696 0.000517 0.000530 0.000539 0.000536 0.000554 0.000726 0.000702
4600 0.000720 0.000711 0.000523 0.000538 0.000535 0.000540 0.000557 0.000763 0.000745
4700 0.000755 0.000758 0.000543 0.000546 0.000554 0.000548 0.000568 0.000776 0.000771
4800 0.000772 0.000774 0.000559 0.000556 0.000556 0.000557 0.000580 0.000783 0.000778
4900 0.000688 0.000680 0.000570 0.000571 0.000574 0.000579 0.000595 0.000814 0.000792
5000 0.000703 0.000689 0.000581 0.000591 0.000584 0.000583 0.000614 0.000832 0.000809
5100 0.000730 0.000712 0.000598 0.000600 0.000608 0.000597 0.000625 0.000862 0.000825
5200 0.000745 0.000725 0.000612 0.000610 0.000609 0.000610 0.000638 0.000877 0.000866
5300 0.000760 0.000752 0.000627 0.000627 0.000627 0.000630 0.000664 0.000889 0.000877
5400 0.000776 0.000767 0.000638 0.000637 0.000637 0.000638 0.000668 0.000899 0.000888
5500 0.000809 0.000788 0.000658 0.000653 0.000650 0.000650 0.000678 0.000944 0.000911
5600 0.000811 0.000798 0.000670 0.000661 0.000659 0.000659 0.000692 0.000951 0.000927
5700 0.000832 0.000816 0.000682 0.000677 0.000671 0.000670 0.000706 0.000937 0.000932
5800 0.000853 0.000833 0.000690 0.000684 0.000688 0.000688 0.000720 0.000983 0.000980
5900 0.000879 0.000853 0.000716 0.000716 0.000730 0.000698 0.000736 0.001004 0.000983
6000 0.000898 0.000867 0.000731 0.000716 0.000713 0.000715 0.000746 0.001042 0.001015
6100 0.000904 0.000888 0.000735 0.000735 0.000730 0.000726 0.000760 0.001022 0.001020
6200 0.000925 0.000915 0.000746 0.000765 0.000744 0.000799 0.000768 0.001071 0.001058
6300 0.000952 0.000928 0.000768 0.000754 0.000758 0.000753 0.000789 0.001058 0.001055
6400 0.000969 0.000953 0.000783 0.000758 0.000758 0.000764 0.000805 0.001106 0.001088
6500 0.000987 0.000968 0.000798 0.000788 0.000782 0.000782 0.000824 0.001096 0.001098
6600 0.001005 0.000992 0.000810 0.000795 0.000789 0.000798 0.000831 0.001148 0.001133
6700 0.001023 0.001013 0.000816 0.000804 0.000798 0.000799 0.000852 0.001170 0.001155
6800 0.001042 0.001013 0.000833 0.000822 0.000812 0.000811 0.000861 0.001186 0.001176
6900 0.001076 0.001050 0.000844 0.000841 0.000825 0.000825 0.000875 0.001224 0.001208
7000 0.001087 0.001071 0.000873 0.000864 0.000862 0.000857 0.000894 0.001193 0.001191
7100 0.001113 0.001110 0.000882 0.000854 0.000862 0.000857 0.000897 0.001180 0.001198
7200 0.001121 0.001100 0.000896 0.000874 0.000884 0.000881 0.000923 0.001292 0.001263
7300 0.001146 0.001122 0.000916 0.000882 0.000882 0.000886 0.000932 0.001288 0.001274
7400 0.001175 0.001144 0.000925 0.000893 0.000899 0.000899 0.000960 0.001320 0.001290
7500 0.001190 0.001169 0.000937 0.000916 0.000910 0.000909 0.000980 0.001300 0.001280
7600 0.001208 0.001185 0.000953 0.000928 0.000926 0.000924 0.000976 0.001362 0.001325
7700 0.001227 0.001203 0.000965 0.000936 0.000938 0.000944 0.001004 0.001377 0.001349
7800 0.001251 0.001244 0.000978 0.000947 0.000947 0.000948 0.001005 0.001414 0.001403
7900 0.001279 0.001244 0.000988 0.000965 0.000958 0.000960 0.001016 0.001416 0.001399
8000 0.001289 0.001267 0.001008 0.000975 0.000970 0.000978 0.001032 0.001441 0.001420
8100 0.001308 0.001282 0.001013 0.000993 0.000989 0.000989 0.001044 0.001461 0.001433
8200 0.001332 0.001314 0.001031 0.000997 0.001000 0.001004 0.001047 0.002195 0.001721
8300 0.001357 0.001328 0.001052 0.001018 0.001014 0.001018 0.001074 0.002252 0.001762
8400 0.001380 0.001346 0.001062 0.001028 0.001023 0.001031 0.001091 0.002266 0.001787
8500 0.001390 0.001366 0.001067 0.001036 0.001035 0.001051 0.001104 0.002275 0.001761
8600 0.001419 0.001393 0.001085 0.001054 0.001053 0.001060 0.001119 0.002328 0.001779
8700 0.001438 0.001402 0.001099 0.001069 0.001062 0.001066 0.001136 0.002372 0.001816
8800 0.001461 0.001446 0.001114 0.001090 0.001077 0.001076 0.001177 0.002405 0.001841
8900 0.001490 0.001498 0.001128 0.001093 0.001101 0.001107 0.001165 0.002448 0.001849
9000 0.001505 0.001479 0.001145 0.001107 0.001112 0.001104 0.001175 0.002429 0.001865
9100 0.001522 0.001498 0.001156 0.001118 0.001116 0.001118 0.001197 0.002452 0.001891
9200 0.001545 0.001523 0.001166 0.001132 0.001161 0.001135 0.001204 0.002538 0.001941
9300 0.001577 0.001548 0.001189 0.001140 0.001148 0.001151 0.001239 0.002555 0.002006
9400 0.001598 0.001561 0.001201 0.001157 0.001188 0.001171 0.001238 0.002601 0.002036
9500 0.001611 0.001577 0.001217 0.001169 0.001171 0.001201 0.001254 0.002605 0.001983
9600 0.001654 0.001612 0.001244 0.001191 0.001186 0.001194 0.001257 0.002632 0.002006
9700 0.001475 0.001414 0.001253 0.001203 0.001207 0.001203 0.001276 0.002682 0.002035
9800 0.001477 0.001434 0.001255 0.001249 0.001212 0.001215 0.001284 0.002693 0.002071
9900 0.001513 0.001455 0.001279 0.001226 0.001229 0.001224 0.001303 0.002733 0.002091
10000 0.001515 0.001483 0.001304 0.001242 0.001249 0.001243 0.001318 0.002758 0.002089
10100 0.001535 0.001489 0.001317 0.001256 0.001251 0.001253 0.001320 0.002783 0.002119
10200 0.001566 0.001515 0.001332 0.001267 0.001268 0.001267 0.001333 0.002858 0.002156
10300 0.001566 0.001528 0.001338 0.001279 0.001278 0.001284 0.001349 0.002830 0.002197
10400 0.001603 0.001544 0.001353 0.001296 0.001298 0.001296 0.001369 0.002900 0.002287
10500 0.001647 0.001578 0.001380 0.001299 0.001297 0.001311 0.001381 0.002870 0.002264
10600 0.001624 0.001583 0.001387 0.001321 0.001319 0.001323 0.001401 0.002937 0.002258
10700 0.001638 0.001595 0.001404 0.001340 0.001335 0.001331 0.001419 0.002986 0.002269
10800 0.001667 0.001623 0.001416 0.001349 0.001346 0.001354 0.001433 0.002798 0.002241
10900 0.001673 0.001629 0.001429 0.001355 0.001361 0.001369 0.001454 0.002857 0.002277
11000 0.001694 0.001648 0.001452 0.001370 0.001373 0.001370 0.001455 0.003105 0.002365
11100 0.001714 0.001681 0.001461 0.001405 0.001397 0.001392 0.001479 0.003077 0.002427
11200 0.001737 0.001707 0.001473 0.001394 0.001395 0.001404 0.001490 0.003167 0.002420
11300 0.001748 0.001706 0.001484 0.001407 0.001410 0.001427 0.001504 0.003191 0.002473
11400 0.001785 0.001736 0.001502 0.001427 0.001426 0.001441 0.001524 0.003236 0.002525
11500 0.001806 0.001751 0.001520 0.001436 0.001432 0.001446 0.001531 0.003229 0.002515
11600 0.001823 0.001771 0.001554 0.001456 0.001453 0.001454 0.001546 0.003307 0.002493
11700 0.001838 0.001786 0.001551 0.001471 0.001460 0.001480 0.001563 0.003302 0.002532
11800 0.001857 0.001808 0.001565 0.001482 0.001476 0.001485 0.001574 0.003306 0.002552
11900 0.001873 0.001829 0.001584 0.001486 0.001487 0.001497 0.001588 0.003356 0.002584
12000 0.001904 0.001994 0.001640 0.001502 0.001505 0.001514 0.001597 0.003412 0.002609
12100 0.001918 0.001870 0.001606 0.001516 0.001518 0.001528 0.001603 0.003421 0.002625
12200 0.001933 0.001889 0.001623 0.001537 0.001540 0.001545 0.001621 0.003459 0.002669
12300 0.001971 0.001914 0.001637 0.001549 0.001559 0.001572 0.001626 0.003507 0.002724
12400 0.001980 0.001940 0.001672 0.001563 0.001564 0.001575 0.001664 0.003472 0.002656
12500 0.002000 0.001942 0.001671 0.001567 0.001571 0.001585 0.001683 0.003623 0.002833
12600 0.002013 0.001968 0.001687 0.001589 0.001587 0.001602 0.001697 0.003584 0.002749
12700 0.002038 0.001981 0.001709 0.001602 0.001601 0.001616 0.001708 0.003623 0.002759
12800 0.002053 0.002009 0.001727 0.001613 0.001615 0.001623 0.001737 0.003702 0.002811
12900 0.002080 0.002023 0.001740 0.001632 0.001635 0.001642 0.001750 0.003676 0.002824
13000 0.002110 0.002050 0.001755 0.001650 0.001640 0.001663 0.001781 0.003762 0.002850
13100 0.002121 0.002065 0.001773 0.001653 0.001652 0.001666 0.001783 0.003698 0.002830
13200 0.002142 0.002132 0.001790 0.001673 0.001669 0.001680 0.001812 0.003792 0.002928
13300 0.002166 0.002110 0.001798 0.001683 0.001687 0.001719 0.001808 0.003860 0.002935
13400 0.002186 0.002123 0.001814 0.001696 0.001693 0.001706 0.001830 0.003848 0.002977
13500 0.002194 0.002146 0.001837 0.001713 0.001707 0.001726 0.001845 0.003897 0.003036
13600 0.002223 0.002166 0.001845 0.001735 0.001717 0.001729 0.001857 0.003892 0.002981
13700 0.002254 0.002191 0.001875 0.001752 0.001747 0.001746 0.001882 0.003943 0.002992
13800 0.002259 0.002209 0.001877 0.001757 0.001743 0.001763 0.001886 0.003997 0.003039
13900 0.002282 0.002228 0.001891 0.001768 0.001761 0.001781 0.001902 0.003930 0.003044
14000 0.002310 0.002251 0.001899 0.001785 0.001783 0.001800 0.001916 0.003951 0.003032
14100 0.002322 0.002264 0.001913 0.001794 0.001792 0.001804 0.001922 0.004055 0.003103
14200 0.002340 0.002295 0.001936 0.001812 0.001825 0.001815 0.001940 0.003413 0.002906
14300 0.002373 0.002311 0.001948 0.001830 0.001839 0.001841 0.001961 0.004014 0.003127
14400 0.002401 0.002348 0.001961 0.001829 0.001835 0.001852 0.001956 0.004210 0.003251
14500 0.002422 0.002345 0.001973 0.001840 0.001850 0.001859 0.001986 0.004245 0.003379
14600 0.002460 0.002390 0.002022 0.001894 0.001878 0.001908 0.002006 0.004232 0.003331
14700 0.002583 0.002413 0.002007 0.001883 0.001878 0.001897 0.002019 0.004333 0.003283
14800 0.002486 0.002417 0.002019 0.001916 0.001899 0.001953 0.002107 0.004353 0.003270
14900 0.002514 0.002457 0.002043 0.001907 0.001907 0.001930 0.002067 0.004001 0.003181
