100 0.000002 0.000010 0.000005 0.000007 0.000007 0.000010 0.000004
5100 0.001497 0.000787 0.000608 0.000956 0.000962 0.000815 0.000627
10100 0.004778 0.001620 0.001307 0.001903 0.001910 0.001467 0.001315
15100 0.011075 0.002484 0.002063 0.002932 0.002919 0.002051 0.001994
20100 0.020236 0.003300 0.002862 0.004035 0.004045 0.002629 0.002713
25100 0.032736 0.004169 0.003672 0.005244 0.005257 0.003166 0.003398
30100 0.047929 0.005043 0.004508 0.006547 0.006557 0.003672 0.004143
35100 0.066186 0.006022 0.005299 0.007887 0.009620 0.005236 0.005121
40100 0.086482 0.006724 0.006283 0.009240 0.009359 0.004718 0.005594
45100 0.110549 0.007636 0.007074 0.010626 0.010631 0.005167 0.006267
50100 0.136681 0.008443 0.008007 0.012077 0.012105 0.005597 0.007002
55100 0.169525 0.009782 0.009191 0.014165 0.014139 0.006275 0.008105
60100 0.213249 0.010809 0.010341 0.016193 0.016090 0.006929 0.009065
65100 0.258813 0.011942 0.011288 0.017945 0.018097 0.007469 0.009847
70100 0.303651 0.013047 0.012617 0.019763 0.022478 0.008187 0.011026
75100 0.357293 0.014235 0.013774 0.022295 0.022011 0.008456 0.011660
80100 0.411994 0.015220 0.014952 0.024223 0.024356 0.009042 0.012560
85100 0.469684 0.016537 0.016237 0.026694 0.026671 0.009615 0.013717
90100 0.539036 0.017689 0.017525 0.028966 0.029016 0.010169 0.014572
95100 0.605217 0.018742 0.018676 0.031142 0.031158 0.010726 0.015416
