100 0.000002 0.000009 0.000005 0.000007 0.000007 0.000010 0.000004
5100 0.001603 0.000822 0.000598 0.001018 0.001032 0.001154 0.000624
10100 0.005096 0.001755 0.001320 0.002127 0.002133 0.002369 0.001359
15100 0.011449 0.002627 0.002101 0.003253 0.003240 0.003637 0.002116
20100 0.021121 0.003494 0.002899 0.004410 0.004422 0.004923 0.002875
25100 0.033919 0.004491 0.003751 0.005571 0.005575 0.006221 0.003667
30100 0.048826 0.005460 0.004602 0.006752 0.006758 0.007522 0.004489
35100 0.067384 0.006512 0.005458 0.007989 0.007959 0.008912 0.005326
40100 0.088701 0.007363 0.006345 0.009146 0.009147 0.010184 0.006142
45100 0.117389 0.009753 0.008098 0.011895 0.012002 0.013169 0.007894
