0 0.017379
30 0.017151
60 0.017167
90 0.017161
120 0.017159
150 0.017194
180 0.017180
210 0.017175
240 0.017175
270 0.017158
300 0.017160
330 0.017157
360 0.017151
390 0.017152
420 0.017160
450 0.017156
480 0.017155
510 0.017158
540 0.017172
570 0.017131
600 0.017172
630 0.017142
660 0.017415
690 0.017530
720 0.017303
750 0.017399
780 0.017403
810 0.017348
840 0.017189
870 0.017286
900 0.017344
930 0.017164
960 0.017420
990 0.017360
1020 0.017266
1050 0.017556
1080 0.017292
1110 0.017215
1140 0.017216
1170 0.017241
1200 0.017309
1230 0.017234
1260 0.017311
1290 0.017301
1320 0.017805
1350 0.017442
