100 0.000002 0.000008 0.000005 0.000007 0.000007 0.000009
200 0.000005 0.000018 0.000011 0.000024 0.000024 0.000029
300 0.000009 0.000027 0.000018 0.000039 0.000039 0.000044
400 0.000016 0.000038 0.000026 0.000054 0.000053 0.000060
500 0.000027 0.000052 0.000035 0.000068 0.000069 0.000075
600 0.000042 0.000069 0.000043 0.000084 0.000084 0.000092
700 0.000057 0.000085 0.000052 0.000099 0.000100 0.000107
800 0.000075 0.000102 0.000063 0.000116 0.000116 0.000122
900 0.000093 0.000119 0.000072 0.000131 0.000131 0.000138
1000 0.000114 0.000134 0.000082 0.000147 0.000146 0.000152
1100 0.000133 0.000150 0.000093 0.000163 0.000162 0.000167
1200 0.000154 0.000164 0.000103 0.000178 0.000179 0.000180
1300 0.000174 0.000179 0.000113 0.000194 0.000194 0.000195
1400 0.000198 0.000198 0.000127 0.000209 0.000210 0.000209
1500 0.000221 0.000210 0.000137 0.000225 0.000225 0.000223
1600 0.000246 0.000226 0.000149 0.000241 0.000254 0.000237
1700 0.000267 0.000244 0.000160 0.000257 0.000257 0.000250
1800 0.000292 0.000258 0.000171 0.000273 0.000273 0.000265
1900 0.000320 0.000280 0.000184 0.000292 0.000293 0.000276
2000 0.000342 0.000288 0.000195 0.000312 0.000305 0.000287
2100 0.000367 0.000305 0.000209 0.000322 0.000322 0.000300
2200 0.000395 0.000327 0.000216 0.000335 0.000337 0.000311
2300 0.000425 0.000341 0.000231 0.000353 0.000353 0.000323
2400 0.000452 0.000356 0.000242 0.000367 0.000366 0.000337
2500 0.000482 0.000368 0.000256 0.000382 0.000380 0.000348
2600 0.000509 0.000384 0.000269 0.000400 0.000396 0.000361
2700 0.000540 0.000403 0.000288 0.000419 0.000414 0.000372
2800 0.000575 0.000422 0.000296 0.000428 0.000430 0.000384
