100 0.000000 0.000000 0.000001 0.000000 0.000000 0.000000 0.000002 0.000001 0.000001
200 0.000003 0.000003 0.000005 0.000003 0.000003 0.000003 0.000007 0.000003 0.000003
300 0.000006 0.000006 0.000012 0.000006 0.000006 0.000006 0.000012 0.000006 0.000006
400 0.000011 0.000011 0.000021 0.000011 0.000011 0.000011 0.000019 0.000008 0.000009
500 0.000016 0.000016 0.000027 0.000016 0.000016 0.000016 0.000026 0.000011 0.000011
600 0.000023 0.000023 0.000037 0.000023 0.000023 0.000014 0.000035 0.000020 0.000024
700 0.000030 0.000030 0.000045 0.000030 0.000030 0.000020 0.000043 0.000025 0.000030
800 0.000041 0.000041 0.000056 0.000039 0.000039 0.000024 0.000054 0.000030 0.000038
900 0.000051 0.000050 0.000068 0.000046 0.000045 0.000030 0.000064 0.000034 0.000040
1000 0.000063 0.000062 0.000075 0.000052 0.000052 0.000035 0.000073 0.000042 0.000054
1100 0.000076 0.000075 0.000082 0.000059 0.000060 0.000042 0.000085 0.000062 0.000085
1200 0.000090 0.000090 0.000095 0.000066 0.000065 0.000048 0.000092 0.000056 0.000062
1300 0.000078 0.000077 0.000106 0.000072 0.000072 0.000053 0.000102 0.000078 0.000107
1400 0.000090 0.000092 0.000115 0.000079 0.000080 0.000056 0.000112 0.000087 0.000124
1500 0.000103 0.000102 0.000131 0.000085 0.000086 0.000060 0.000121 0.000097 0.000140
1600 0.000115 0.000113 0.000138 0.000092 0.000093 0.000066 0.000133 0.000106 0.000149
1700 0.000126 0.000125 0.000148 0.000101 0.000099 0.000073 0.000144 0.000117 0.000160
1800 0.000141 0.000142 0.000159 0.000105 0.000106 0.000079 0.000153 0.000128 0.000174
1900 0.000155 0.000157 0.000171 0.000112 0.000118 0.000081 0.000164 0.000140 0.000191
2000 0.000167 0.000166 0.000180 0.000120 0.000121 0.000089 0.000175 0.000151 0.000209
2100 0.000183 0.000182 0.000192 0.000127 0.000127 0.000093 0.000185 0.000211 0.000283
2200 0.000201 0.000201 0.000203 0.000137 0.000134 0.000099 0.000196 0.000226 0.000306
2300 0.000223 0.000217 0.000217 0.000141 0.000143 0.000103 0.000210 0.000236 0.000323
2400 0.000233 0.000237 0.000228 0.000146 0.000151 0.000111 0.000222 0.000249 0.000339
2500 0.000202 0.000200 0.000242 0.000155 0.000155 0.000116 0.000229 0.000262 0.000351
2600 0.000219 0.000214 0.000254 0.000167 0.000162 0.000126 0.000241 0.000280 0.000395
2700 0.000233 0.000226 0.000264 0.000170 0.000175 0.000127 0.000252 0.000294 0.000389
2800 0.000242 0.000243 0.000276 0.000175 0.000178 0.000131 0.000265 0.000305 0.000416
2900 0.000261 0.000254 0.000292 0.000184 0.000185 0.000138 0.000277 0.000318 0.000412
3000 0.000275 0.000274 0.000304 0.000195 0.000196 0.000143 0.000281 0.000332 0.000443
3100 0.000288 0.000282 0.000315 0.000198 0.000199 0.000152 0.000290 0.000350 0.000451
3200 0.000300 0.000295 0.000328 0.000207 0.000210 0.000154 0.000305 0.000365 0.000484
3300 0.000318 0.000314 0.000342 0.000213 0.000216 0.000161 0.000322 0.000372 0.000494
3400 0.000333 0.000330 0.000355 0.000220 0.000221 0.000167 0.000332 0.000389 0.000500
3500 0.000348 0.000344 0.000361 0.000230 0.000227 0.000175 0.000341 0.000398 0.000532
3600 0.000359 0.000360 0.000378 0.000239 0.000241 0.000179 0.000352 0.000412 0.000540
3700 0.000375 0.000376 0.000389 0.000248 0.000244 0.000190 0.000369 0.000435 0.000561
3800 0.000393 0.000388 0.000406 0.000256 0.000251 0.000191 0.000375 0.000445 0.000586
3900 0.000410 0.000412 0.000418 0.000259 0.000261 0.000197 0.000386 0.000465 0.000614
4000 0.000429 0.000418 0.000429 0.000268 0.000268 0.000205 0.000398 0.000473 0.000626
4100 0.000442 0.000440 0.000435 0.000277 0.000278 0.000209 0.000407 0.000658 0.000778
4200 0.000458 0.000449 0.000449 0.000282 0.000284 0.000223 0.000421 0.000591 0.000708
4300 0.000478 0.000471 0.000463 0.000291 0.000292 0.000222 0.000434 0.000683 0.000793
4400 0.000494 0.000486 0.000481 0.000296 0.000296 0.000233 0.000444 0.000703 0.000843
4500 0.000512 0.000508 0.000494 0.000312 0.000307 0.000241 0.000467 0.000734 0.000860
4600 0.000527 0.000515 0.000511 0.000317 0.000322 0.000248 0.000463 0.000738 0.000854
4700 0.000543 0.000535 0.000522 0.000321 0.000320 0.000247 0.000483 0.000770 0.000927
4800 0.000550 0.000546 0.000530 0.000333 0.000333 0.000253 0.000492 0.000780 0.000923
4900 0.000490 0.000486 0.000549 0.000335 0.000342 0.000260 0.000499 0.000801 0.000952
5000 0.000502 0.000498 0.000558 0.000341 0.000341 0.000270 0.000509 0.000818 0.000998
5100 0.000524 0.000524 0.000567 0.000354 0.000350 0.000274 0.000516 0.000846 0.001001
5200 0.000527 0.000523 0.000588 0.000361 0.000374 0.000280 0.000534 0.000880 0.001005
5300 0.000543 0.000535 0.000601 0.000366 0.000368 0.000289 0.000547 0.000882 0.001048
5400 0.000556 0.000554 0.000617 0.000375 0.000378 0.000294 0.000562 0.000892 0.001064
5500 0.000572 0.000571 0.000623 0.000382 0.000385 0.000300 0.000574 0.000909 0.001068
5600 0.000588 0.000578 0.000639 0.000391 0.000390 0.000309 0.000583 0.000938 0.001097
5700 0.000600 0.000595 0.000659 0.000406 0.000402 0.000324 0.000592 0.000973 0.001121
5800 0.000622 0.000613 0.000662 0.000412 0.000407 0.000317 0.000614 0.000972 0.001156
5900 0.000653 0.000628 0.000680 0.000416 0.000422 0.000334 0.000626 0.001014 0.001184
6000 0.000645 0.000639 0.000696 0.000437 0.000425 0.000330 0.000632 0.001010 0.001177
6100 0.000663 0.000656 0.000705 0.000434 0.000432 0.000337 0.000639 0.001046 0.001224
6200 0.000677 0.000669 0.000725 0.000438 0.000438 0.000346 0.000653 0.001048 0.001239
6300 0.000693 0.000688 0.000728 0.000453 0.000451 0.000350 0.000665 0.001084 0.001261
6400 0.000707 0.000700 0.000750 0.000455 0.000461 0.000366 0.000681 0.001104 0.001278
6500 0.000723 0.000710 0.000759 0.000467 0.000470 0.000367 0.000698 0.001097 0.001309
6600 0.000746 0.000779 0.000766 0.000470 0.000475 0.000377 0.000704 0.001154 0.001339
6700 0.000764 0.000745 0.000784 0.000480 0.000480 0.000381 0.000718 0.001161 0.001375
6800 0.000770 0.000767 0.000805 0.000486 0.000486 0.000386 0.000737 0.001176 0.001380
6900 0.000779 0.000784 0.000813 0.000529 0.000496 0.000438 0.000757 0.001223 0.001436
7000 0.000802 0.000794 0.000827 0.000508 0.000508 0.000403 0.000762 0.001171 0.001371
7100 0.000818 0.000814 0.000843 0.000509 0.000509 0.000408 0.000757 0.001239 0.001463
7200 0.000830 0.000830 0.000855 0.000519 0.000519 0.000412 0.000766 0.001271 0.001503
7300 0.000850 0.000843 0.000865 0.000540 0.000532 0.000424 0.000791 0.001291 0.001500
7400 0.000863 0.000854 0.000879 0.000537 0.000536 0.000429 0.000814 0.001299 0.001516
7500 0.000878 0.000876 0.000891 0.000547 0.000549 0.000432 0.000815 0.001324 0.001556
7600 0.000901 0.000884 0.000899 0.000553 0.000552 0.000442 0.000833 0.001335 0.001575
7700 0.000911 0.000899 0.000917 0.000572 0.000563 0.000448 0.000841 0.001368 0.001629
7800 0.000940 0.000931 0.000933 0.000574 0.000581 0.000455 0.000851 0.001416 0.001638
7900 0.000947 0.000939 0.000955 0.000585 0.000576 0.000458 0.000859 0.001417 0.001660
8000 0.000971 0.000955 0.000965 0.000594 0.000595 0.000473 0.000875 0.001439 0.001668
8100 0.000980 0.000984 0.000978 0.000596 0.000595 0.000478 0.000890 0.001448 0.001692
8200 0.000994 0.000988 0.000990 0.000610 0.000601 0.000481 0.000905 0.002056 0.001919
8300 0.001015 0.001013 0.001004 0.000613 0.000610 0.000490 0.000906 0.002252 0.002053
8400 0.001028 0.001021 0.001016 0.000624 0.000621 0.000498 0.000923 0.002249 0.002071
8500 0.001052 0.001043 0.001030 0.000633 0.000633 0.000500 0.000936 0.002271 0.002107
8600 0.001060 0.001055 0.001052 0.000637 0.000642 0.000513 0.000955 0.002335 0.002114
8700 0.001088 0.001069 0.001055 0.000642 0.000641 0.000511 0.000963 0.002369 0.002170
8800 0.001097 0.001088 0.001075 0.000652 0.000654 0.000524 0.000983 0.002355 0.002152
8900 0.001117 0.001111 0.001092 0.000660 0.000662 0.000531 0.000990 0.002437 0.002204
9000 0.001138 0.001121 0.001103 0.000677 0.000685 0.000535 0.000995 0.002436 0.002234
9100 0.001181 0.001155 0.001115 0.000688 0.000685 0.000547 0.001004 0.002482 0.002251
9200 0.001176 0.001163 0.001133 0.000690 0.000689 0.000553 0.001018 0.002491 0.002272
9300 0.001194 0.001188 0.001143 0.000697 0.000700 0.000559 0.001033 0.002560 0.002344
9400 0.001205 0.001202 0.001166 0.000712 0.000713 0.000562 0.001047 0.002550 0.002350
9500 0.001230 0.001238 0.001179 0.000722 0.000712 0.000575 0.001059 0.002585 0.002378
9600 0.001242 0.001240 0.001192 0.000726 0.000729 0.000585 0.001075 0.002650 0.002427
9700 0.001117 0.001104 0.001208 0.000740 0.000766 0.000591 0.001089 0.002689 0.002438
9800 0.001120 0.001107 0.001218 0.000732 0.000738 0.000596 0.001094 0.002660 0.002411
9900 0.001140 0.001116 0.001229 0.000749 0.000747 0.000600 0.001118 0.002720 0.002454
10000 0.001151 0.001132 0.001251 0.000766 0.000758 0.000610 0.001118 0.002739 0.002486
10100 0.001189 0.001145 0.001259 0.000766 0.000771 0.000614 0.001127 0.002799 0.002531
10200 0.001191 0.001164 0.001291 0.000797 0.000776 0.000626 0.001130 0.002390 0.002250
10300 0.001205 0.001177 0.001308 0.000791 0.000792 0.000636 0.001146 0.002796 0.002536
10400 0.001219 0.001198 0.001310 0.000794 0.000792 0.000656 0.001172 0.002909 0.002667
10500 0.001229 0.001213 0.001320 0.000799 0.000793 0.000649 0.001177 0.002907 0.002650
10600 0.001242 0.001231 0.001342 0.000833 0.000807 0.000652 0.001195 0.002937 0.002659
10700 0.001258 0.001228 0.001348 0.000819 0.000824 0.000684 0.001213 0.002982 0.002699
10800 0.001279 0.001275 0.001360 0.000823 0.000830 0.000659 0.001217 0.002990 0.002700
10900 0.001288 0.001262 0.001377 0.000835 0.000832 0.000685 0.001249 0.003076 0.002740
11000 0.001317 0.001285 0.001398 0.000841 0.000843 0.000676 0.001246 0.003008 0.002740
11100 0.001321 0.001292 0.001419 0.000861 0.000859 0.000690 0.001262 0.003107 0.002819
11200 0.001331 0.001301 0.001419 0.000863 0.000856 0.000692 0.001282 0.003151 0.002840
11300 0.001362 0.001323 0.001437 0.000871 0.000865 0.000704 0.001282 0.003169 0.002885
11400 0.001364 0.001335 0.001456 0.000876 0.000876 0.000713 0.001319 0.003285 0.002970
11500 0.001384 0.001352 0.001470 0.000883 0.000879 0.000715 0.001309 0.003261 0.002983
11600 0.001403 0.001373 0.001486 0.000890 0.000893 0.000725 0.001332 0.003174 0.002977
11700 0.001421 0.001391 0.001502 0.000904 0.000902 0.000730 0.001332 0.003059 0.002792
11800 0.001426 0.001409 0.001511 0.000918 0.000903 0.000733 0.001346 0.003296 0.002997
11900 0.001445 0.001419 0.001540 0.000925 0.000921 0.000747 0.001359 0.003359 0.003039
12000 0.001470 0.001436 0.001549 0.000921 0.000927 0.000753 0.001363 0.003333 0.002981
12100 0.001483 0.001454 0.001552 0.000955 0.000948 0.000756 0.001377 0.003375 0.003146
12200 0.001495 0.001459 0.001558 0.000943 0.000943 0.000774 0.001384 0.003448 0.003080
12300 0.001511 0.001484 0.001585 0.000950 0.000954 0.000777 0.001397 0.003460 0.003187
12400 0.001527 0.001493 0.001589 0.000961 0.000965 0.000788 0.001411 0.003540 0.003220
12500 0.001547 0.001516 0.001614 0.000971 0.000975 0.000789 0.001424 0.003594 0.003327
12600 0.001559 0.001539 0.001627 0.000976 0.000978 0.000795 0.001440 0.003562 0.003184
12700 0.001614 0.001546 0.001640 0.000993 0.000992 0.000798 0.001467 0.003350 0.003039
12800 0.001596 0.001580 0.001657 0.001000 0.001003 0.000811 0.001478 0.003679 0.003289
12900 0.001610 0.001593 0.001671 0.001004 0.001007 0.000823 0.001501 0.003314 0.003024
13000 0.001613 0.001594 0.001686 0.001019 0.001017 0.000831 0.001514 0.003736 0.003610
13100 0.001652 0.001617 0.001700 0.001025 0.001020 0.000834 0.001534 0.003731 0.003364
13200 0.001660 0.001626 0.001730 0.001038 0.001034 0.000843 0.001543 0.003798 0.003409
13300 0.001679 0.001654 0.001762 0.001040 0.001047 0.000842 0.001549 0.003922 0.003449
13400 0.001704 0.001667 0.001757 0.001068 0.001049 0.000855 0.001566 0.003730 0.003405
13500 0.001713 0.001684 0.001770 0.001075 0.001054 0.000863 0.001587 0.003907 0.003604
13600 0.001742 0.001698 0.001776 0.001068 0.001063 0.000871 0.001587 0.003597 0.003294
13700 0.001746 0.001716 0.001791 0.001082 0.001080 0.000889 0.001604 0.003935 0.003555
13800 0.001758 0.001734 0.001815 0.001086 0.001084 0.000889 0.001614 0.003989 0.003597
13900 0.001794 0.001749 0.001821 0.001097 0.001104 0.000896 0.001639 0.004005 0.003662
14000 0.001796 0.001757 0.001829 0.001102 0.001101 0.000901 0.001643 0.004032 0.003620
14100 0.001824 0.001795 0.001855 0.001120 0.001111 0.000914 0.001645 0.004055 0.003672
14200 0.001837 0.001799 0.001858 0.001121 0.001122 0.000910 0.001652 0.004083 0.003694
14300 0.001840 0.001807 0.001878 0.001135 0.001131 0.000920 0.001698 0.004150 0.003737
14400 0.001869 0.001835 0.001898 0.001173 0.001140 0.000932 0.001681 0.004158 0.003788
14500 0.001923 0.001856 0.001907 0.001152 0.001140 0.000941 0.001688 0.004055 0.003712
14600 0.001893 0.001869 0.001927 0.001151 0.001154 0.000945 0.001712 0.004193 0.003889
14700 0.001917 0.001884 0.001938 0.001161 0.001161 0.000966 0.001727 0.004171 0.003809
14800 0.001955 0.001906 0.001965 0.001185 0.001185 0.000971 0.001741 0.004299 0.003867
14900 0.001985 0.001935 0.001973 0.001182 0.001182 0.000970 0.001753 0.004311 0.003901
15000 0.001977 0.001954 0.001981 0.001189 0.001187 0.000979 0.001771 0.004356 0.003927
15100 0.001983 0.001947 0.001997 0.001198 0.001197 0.000985 0.001790 0.003553 0.003274
15200 0.002007 0.001960 0.002015 0.001221 0.001213 0.000986 0.001799 0.004408 0.003980
15300 0.002037 0.001991 0.002025 0.001223 0.001213 0.000999 0.001804 0.004450 0.004025
15400 0.002043 0.001995 0.002038 0.001224 0.001224 0.001008 0.001817 0.004428 0.004067
15500 0.002114 0.002018 0.002055 0.001237 0.001255 0.001014 0.001833 0.004564 0.004249
15600 0.002090 0.002053 0.002073 0.001250 0.001242 0.001023 0.001848 0.004548 0.004286
15700 0.002093 0.002045 0.002085 0.001266 0.001254 0.001038 0.001852 0.004577 0.004156
15800 0.002110 0.002085 0.002132 0.001273 0.001275 0.001038 0.001899 0.004598 0.004122
15900 0.002135 0.002092 0.002110 0.001271 0.001286 0.001140 0.001927 0.004642 0.004204
16000 0.002164 0.002124 0.002152 0.001293 0.001279 0.001061 0.001897 0.004687 0.004297
16100 0.002303 0.002240 0.002152 0.001289 0.001290 0.001059 0.001901 0.004700 0.004228
16200 0.002201 0.002156 0.002187 0.001301 0.001298 0.001068 0.001914 0.004617 0.004230
