100 0.000009 0.000009 0.000005 0.000007 0.000008 0.000010 0.000004 0.000003 0.000003
3100 0.000491 0.000470 0.000335 0.000555 0.000555 0.000633 0.000357 0.000383 0.000435
6100 0.001018 0.000978 0.000750 0.001131 0.001124 0.001291 0.000773 0.001067 0.001051
9100 0.001599 0.001526 0.001175 0.001724 0.001707 0.001974 0.001206 0.002565 0.001923
12100 0.002130 0.002023 0.001632 0.002319 0.002312 0.002664 0.001642 0.003480 0.002652
15100 0.002734 0.002601 0.002109 0.002935 0.002928 0.003324 0.002130 0.004485 0.003393
18100 0.003314 0.003145 0.002573 0.003534 0.003524 0.004020 0.002597 0.008972 0.005215
21100 0.003835 0.003624 0.003061 0.004144 0.004145 0.004735 0.003051 0.010635 0.006240
24100 0.004472 0.004247 0.003584 0.004765 0.004747 0.005437 0.003481 0.012276 0.007143
27100 0.005173 0.005329 0.004527 0.006171 0.006210 0.007189 0.004558 0.016914 0.009766
30100 0.006660 0.006211 0.005156 0.006875 0.006942 0.008016 0.005094 0.018922 0.010879
33100 0.007450 0.006968 0.005683 0.007600 0.007748 0.008739 0.005652 0.036586 0.017615
36100 0.008150 0.007726 0.006354 0.008476 0.008437 0.009661 0.006207 0.040435 0.017222
39100 0.007570 0.007174 0.006221 0.007978 0.007961 0.009088 0.005975 0.037022 0.019710
42100 0.008147 0.007716 0.006735 0.008671 0.008560 0.009772 0.006455 0.040439 0.025198
45100 0.010234 0.009748 0.008196 0.010569 0.010653 0.012159 0.007947 0.052578 0.027295
