100 0.000000 0.000000 0.000005 0.000000 0.000000 0.000000 0.000002 0.000001 0.000001
200 0.000000 0.000000 0.000013 0.000000 0.000000 0.000000 0.000005 0.000001 0.000001
300 0.000000 0.000000 0.000021 0.000000 0.000000 0.000000 0.000008 0.000001 0.000001
400 0.000000 0.000000 0.000030 0.000000 0.000000 0.000000 0.000011 0.000001 0.000001
500 0.000001 0.000001 0.000039 0.000001 0.000001 0.000001 0.000015 0.000002 0.000002
600 0.000001 0.000001 0.000047 0.000001 0.000001 0.000004 0.000017 0.000002 0.000002
700 0.000001 0.000001 0.000057 0.000001 0.000001 0.000005 0.000020 0.000002 0.000002
800 0.000001 0.000001 0.000069 0.000003 0.000004 0.000006 0.000024 0.000002 0.000002
900 0.000001 0.000001 0.000079 0.000004 0.000004 0.000007 0.000026 0.000002 0.000002
1000 0.000001 0.000001 0.000090 0.000005 0.000005 0.000008 0.000030 0.000003 0.000003
1100 0.000001 0.000001 0.000099 0.000005 0.000005 0.000009 0.000033 0.000003 0.000003
1200 0.000001 0.000001 0.000110 0.000006 0.000006 0.000010 0.000037 0.000003 0.000003
1300 0.000002 0.000003 0.000123 0.000007 0.000007 0.000011 0.000040 0.000003 0.000003
1400 0.000002 0.000003 0.000134 0.000007 0.000007 0.000013 0.000043 0.000004 0.000004
1500 0.000002 0.000003 0.000145 0.000008 0.000008 0.000014 0.000046 0.000004 0.000004
1600 0.000002 0.000003 0.000154 0.000009 0.000009 0.000016 0.000050 0.000004 0.000004
1700 0.000002 0.000003 0.000168 0.000010 0.000010 0.000017 0.000060 0.000004 0.000004
1800 0.000002 0.000004 0.000176 0.000010 0.000010 0.000018 0.000057 0.000004 0.000004
1900 0.000002 0.000004 0.000187 0.000011 0.000011 0.000019 0.000060 0.000005 0.000005
2000 0.000003 0.000004 0.000200 0.000012 0.000013 0.000021 0.000065 0.000005 0.000005
2100 0.000003 0.000004 0.000218 0.000013 0.000013 0.000022 0.000073 0.000005 0.000005
2200 0.000003 0.000004 0.000226 0.000014 0.000014 0.000024 0.000074 0.000005 0.000006
2300 0.000004 0.000005 0.000246 0.000015 0.000014 0.000026 0.000076 0.000005 0.000006
2400 0.000004 0.000007 0.000253 0.000016 0.000015 0.000027 0.000079 0.000006 0.000006
2500 0.000004 0.000011 0.000264 0.000017 0.000016 0.000029 0.000083 0.000006 0.000006
2600 0.000007 0.000008 0.000282 0.000018 0.000017 0.000029 0.000089 0.000006 0.000006
2700 0.000004 0.000008 0.000289 0.000018 0.000018 0.000032 0.000091 0.000007 0.000006
2800 0.000004 0.000008 0.000302 0.000019 0.000019 0.000033 0.000091 0.000006 0.000006
2900 0.000005 0.000008 0.000316 0.000020 0.000020 0.000035 0.000096 0.000008 0.000007
3000 0.000005 0.000009 0.000328 0.000021 0.000021 0.000036 0.000099 0.000007 0.000007
3100 0.000005 0.000009 0.000339 0.000022 0.000025 0.000038 0.000101 0.000007 0.000007
3200 0.000005 0.000009 0.000359 0.000023 0.000022 0.000039 0.000107 0.000007 0.000007
3300 0.000005 0.000010 0.000365 0.000024 0.000023 0.000041 0.000112 0.000007 0.000007
3400 0.000005 0.000010 0.000372 0.000025 0.000024 0.000042 0.000114 0.000008 0.000008
3500 0.000006 0.000010 0.000388 0.000026 0.000025 0.000045 0.000121 0.000008 0.000008
3600 0.000006 0.000010 0.000400 0.000026 0.000026 0.000045 0.000119 0.000008 0.000008
3700 0.000006 0.000011 0.000413 0.000028 0.000030 0.000047 0.000124 0.000008 0.000008
3800 0.000006 0.000011 0.000425 0.000028 0.000027 0.000048 0.000129 0.000009 0.000009
3900 0.000006 0.000011 0.000438 0.000030 0.000028 0.000050 0.000133 0.000009 0.000009
4000 0.000007 0.000012 0.000448 0.000030 0.000029 0.000052 0.000137 0.000009 0.000009
4100 0.000007 0.000012 0.000462 0.000031 0.000030 0.000054 0.000140 0.000009 0.000009
4200 0.000007 0.000012 0.000476 0.000032 0.000033 0.000059 0.000145 0.000010 0.000010
4300 0.000007 0.000017 0.000490 0.000033 0.000032 0.000058 0.000152 0.000010 0.000010
4400 0.000007 0.000013 0.000511 0.000034 0.000033 0.000058 0.000150 0.000010 0.000010
4500 0.000007 0.000013 0.000519 0.000035 0.000035 0.000061 0.000154 0.000010 0.000011
4600 0.000007 0.000014 0.000535 0.000037 0.000035 0.000062 0.000161 0.000010 0.000010
4700 0.000008 0.000014 0.000554 0.000038 0.000037 0.000065 0.000164 0.000011 0.000011
4800 0.000008 0.000014 0.000563 0.000039 0.000037 0.000066 0.000168 0.000011 0.000011
4900 0.000009 0.000019 0.000572 0.000040 0.000038 0.000068 0.000171 0.000011 0.000011
5000 0.000010 0.000020 0.000589 0.000040 0.000039 0.000070 0.000173 0.000011 0.000011
5100 0.000010 0.000020 0.000596 0.000041 0.000041 0.000072 0.000181 0.000012 0.000011
5200 0.000010 0.000020 0.000615 0.000042 0.000042 0.000073 0.000183 0.000012 0.000012
5300 0.000010 0.000021 0.000625 0.000044 0.000042 0.000074 0.000184 0.000012 0.000012
5400 0.000010 0.000021 0.000641 0.000044 0.000044 0.000076 0.000185 0.000012 0.000012
5500 0.000011 0.000022 0.000655 0.000046 0.000044 0.000078 0.000189 0.000012 0.000012
5600 0.000011 0.000022 0.000664 0.000047 0.000046 0.000080 0.000192 0.000013 0.000013
5700 0.000011 0.000023 0.000678 0.000048 0.000046 0.000082 0.000197 0.000013 0.000013
5800 0.000011 0.000023 0.000707 0.000049 0.000049 0.000087 0.000214 0.000017 0.000013
5900 0.000011 0.000028 0.000706 0.000051 0.000051 0.000088 0.000205 0.000014 0.000014
6000 0.000012 0.000024 0.000727 0.000051 0.000050 0.000087 0.000209 0.000014 0.000014
6100 0.000012 0.000024 0.000734 0.000052 0.000050 0.000089 0.000214 0.000014 0.000014
6200 0.000012 0.000025 0.000750 0.000053 0.000051 0.000090 0.000215 0.000014 0.000014
6300 0.000012 0.000025 0.000761 0.000055 0.000052 0.000093 0.000222 0.000014 0.000014
6400 0.000012 0.000026 0.000774 0.000056 0.000054 0.000096 0.000232 0.000015 0.000015
6500 0.000013 0.000026 0.000798 0.000058 0.000059 0.000098 0.000233 0.000015 0.000015
6600 0.000013 0.000027 0.000810 0.000057 0.000056 0.000098 0.000231 0.000015 0.000015
6700 0.000013 0.000027 0.000824 0.000058 0.000061 0.000100 0.000235 0.000015 0.000015
6800 0.000013 0.000027 0.000831 0.000060 0.000058 0.000101 0.000241 0.000019 0.000016
6900 0.000013 0.000028 0.000836 0.000061 0.000063 0.000104 0.000247 0.000016 0.000016
7000 0.000014 0.000028 0.000859 0.000063 0.000083 0.000108 0.000249 0.000016 0.000016
7100 0.000014 0.000028 0.000865 0.000063 0.000061 0.000112 0.000251 0.000016 0.000016
7200 0.000014 0.000028 0.000879 0.000064 0.000062 0.000110 0.000257 0.000016 0.000016
7300 0.000014 0.000029 0.000894 0.000066 0.000064 0.000114 0.000262 0.000017 0.000017
7400 0.000014 0.000030 0.000913 0.000067 0.000065 0.000112 0.000269 0.000017 0.000017
7500 0.000016 0.000030 0.000917 0.000067 0.000066 0.000115 0.000269 0.000017 0.000017
7600 0.000015 0.000030 0.000937 0.000073 0.000067 0.000118 0.000277 0.000017 0.000019
7700 0.000015 0.000031 0.000943 0.000070 0.000067 0.000123 0.000280 0.000017 0.000017
7800 0.000015 0.000031 0.000962 0.000071 0.000073 0.000121 0.000286 0.000017 0.000018
7900 0.000015 0.000031 0.000974 0.000072 0.000070 0.000127 0.000287 0.000018 0.000018
8000 0.000015 0.000032 0.000990 0.000073 0.000072 0.000126 0.000290 0.000018 0.000018
8100 0.000016 0.000032 0.001012 0.000074 0.000072 0.000127 0.000299 0.000019 0.000018
8200 0.000016 0.000033 0.001013 0.000076 0.000073 0.000128 0.000302 0.000018 0.000018
8300 0.000017 0.000033 0.001043 0.000079 0.000078 0.000131 0.000302 0.000019 0.000018
8400 0.000016 0.000033 0.001047 0.000077 0.000075 0.000137 0.000309 0.000019 0.000019
8500 0.000016 0.000035 0.001063 0.000079 0.000076 0.000134 0.000316 0.000019 0.000019
8600 0.000016 0.000034 0.001081 0.000080 0.000079 0.000136 0.000312 0.000019 0.000019
8700 0.000017 0.000035 0.001089 0.000081 0.000078 0.000143 0.000316 0.000022 0.000020
8800 0.000017 0.000035 0.001127 0.000083 0.000081 0.000139 0.000325 0.000020 0.000020
8900 0.000017 0.000035 0.001130 0.000084 0.000081 0.000142 0.000327 0.000020 0.000020
9000 0.000017 0.000036 0.001151 0.000086 0.000085 0.000145 0.000330 0.000020 0.000021
9100 0.000018 0.000037 0.001155 0.000089 0.000084 0.000147 0.000335 0.000021 0.000020
9200 0.000017 0.000037 0.001168 0.000087 0.000084 0.000148 0.000333 0.000020 0.000021
9300 0.000018 0.000037 0.001186 0.000089 0.000086 0.000150 0.000344 0.000021 0.000021
9400 0.000018 0.000037 0.001197 0.000090 0.000087 0.000155 0.000343 0.000025 0.000021
9500 0.000018 0.000038 0.001206 0.000091 0.000088 0.000158 0.000358 0.000021 0.000021
9600 0.000018 0.000038 0.001233 0.000091 0.000089 0.000155 0.000355 0.000021 0.000021
9700 0.000021 0.000047 0.001241 0.000093 0.000090 0.000158 0.000355 0.000022 0.000021
9800 0.000022 0.000048 0.001259 0.000094 0.000092 0.000160 0.000361 0.000022 0.000022
9900 0.000021 0.000048 0.001270 0.000095 0.000092 0.000166 0.000368 0.000022 0.000022
10000 0.000022 0.000050 0.001285 0.000096 0.000093 0.000164 0.000371 0.000023 0.000023
10100 0.000025 0.000050 0.001302 0.000098 0.000095 0.000166 0.000369 0.000022 0.000022
10200 0.000022 0.000050 0.001322 0.000098 0.000095 0.000168 0.000371 0.000023 0.000023
10300 0.000023 0.000051 0.001336 0.000100 0.000097 0.000170 0.000373 0.000023 0.000023
10400 0.000022 0.000051 0.001338 0.000101 0.000098 0.000171 0.000378 0.000023 0.000023
10500 0.000023 0.000051 0.001369 0.000102 0.000103 0.000175 0.000386 0.000024 0.000023
10600 0.000023 0.000052 0.001376 0.000103 0.000104 0.000185 0.000386 0.000024 0.000024
10700 0.000023 0.000052 0.001391 0.000108 0.000101 0.000178 0.000389 0.000024 0.000024
10800 0.000023 0.000053 0.001406 0.000106 0.000102 0.000183 0.000400 0.000033 0.000042
10900 0.000027 0.000054 0.001438 0.000106 0.000119 0.000182 0.000398 0.000024 0.000024
11000 0.000024 0.000054 0.001428 0.000109 0.000105 0.000184 0.000400 0.000025 0.000025
11100 0.000024 0.000055 0.001449 0.000112 0.000106 0.000185 0.000404 0.000025 0.000025
11200 0.000024 0.000055 0.001472 0.000111 0.000111 0.000188 0.000408 0.000025 0.000025
11300 0.000024 0.000055 0.001481 0.000112 0.000110 0.000191 0.000419 0.000029 0.000027
11400 0.000024 0.000056 0.001493 0.000113 0.000110 0.000194 0.000419 0.000026 0.000026
11500 0.000025 0.000060 0.001511 0.000116 0.000116 0.000199 0.000425 0.000026 0.000027
11600 0.000026 0.000056 0.001516 0.000114 0.000111 0.000198 0.000426 0.000026 0.000026
11700 0.000025 0.000058 0.001535 0.000120 0.000113 0.000199 0.000430 0.000026 0.000027
11800 0.000025 0.000058 0.001565 0.000117 0.000115 0.000201 0.000438 0.000027 0.000028
11900 0.000026 0.000074 0.001584 0.000119 0.000119 0.000203 0.000445 0.000027 0.000030
12000 0.000025 0.000058 0.001589 0.000120 0.000116 0.000208 0.000444 0.000031 0.000027
12100 0.000026 0.000059 0.001597 0.000123 0.000120 0.000208 0.000448 0.000028 0.000028
12200 0.000028 0.000060 0.001603 0.000124 0.000120 0.000210 0.000452 0.000027 0.000027
12300 0.000028 0.000060 0.001624 0.000125 0.000126 0.000211 0.000450 0.000028 0.000028
12400 0.000027 0.000061 0.001641 0.000124 0.000124 0.000212 0.000460 0.000028 0.000028
12500 0.000027 0.000061 0.001654 0.000125 0.000122 0.000214 0.000463 0.000033 0.000028
12600 0.000027 0.000062 0.001669 0.000127 0.000127 0.000222 0.000469 0.000029 0.000029
12700 0.000027 0.000062 0.001694 0.000129 0.000125 0.000219 0.000475 0.000029 0.000029
12800 0.000027 0.000062 0.001699 0.000131 0.000127 0.000226 0.000480 0.000029 0.000029
12900 0.000027 0.000064 0.001716 0.000131 0.000131 0.000224 0.000487 0.000029 0.000029
13000 0.000028 0.000063 0.001735 0.000132 0.000129 0.000226 0.000489 0.000029 0.000029
13100 0.000028 0.000064 0.001741 0.000133 0.000129 0.000228 0.000491 0.000030 0.000030
13200 0.000029 0.000066 0.001758 0.000150 0.000131 0.000229 0.000494 0.000030 0.000029
13300 0.000028 0.000065 0.001766 0.000136 0.000135 0.000231 0.000488 0.000030 0.000030
13400 0.000029 0.000065 0.001781 0.000136 0.000134 0.000234 0.000497 0.000030 0.000030
13500 0.000029 0.000066 0.001789 0.000138 0.000135 0.000240 0.000500 0.000030 0.000030
13600 0.000029 0.000066 0.001811 0.000140 0.000135 0.000242 0.000507 0.000030 0.000030
13700 0.000030 0.000067 0.001817 0.000140 0.000140 0.000241 0.000514 0.000031 0.000031
13800 0.000029 0.000068 0.001840 0.000142 0.000137 0.000246 0.000534 0.000035 0.000031
13900 0.000032 0.000068 0.001853 0.000144 0.000143 0.000243 0.000518 0.000031 0.000031
14000 0.000030 0.000069 0.001870 0.000143 0.000141 0.000247 0.000532 0.000031 0.000031
14100 0.000031 0.000071 0.001892 0.000150 0.000145 0.000258 0.000536 0.000035 0.000032
14200 0.000035 0.000074 0.001929 0.000148 0.000147 0.000253 0.000538 0.000032 0.000032
14300 0.000032 0.000071 0.001933 0.000149 0.000144 0.000257 0.000553 0.000032 0.000033
14400 0.000032 0.000070 0.001927 0.000150 0.000146 0.000261 0.000535 0.000032 0.000032
14500 0.000035 0.000070 0.001943 0.000150 0.000146 0.000261 0.000545 0.000032 0.000033
14600 0.000032 0.000071 0.001972 0.000153 0.000152 0.000261 0.000551 0.000033 0.000034
14700 0.000032 0.000075 0.001989 0.000157 0.000153 0.000267 0.000564 0.000034 0.000033
14800 0.000032 0.000074 0.002014 0.000154 0.000151 0.000264 0.000563 0.000035 0.000033
14900 0.000032 0.000073 0.002004 0.000159 0.000155 0.000267 0.000575 0.000033 0.000033
15000 0.000034 0.000074 0.002026 0.000159 0.000154 0.000270 0.000574 0.000033 0.000034
15100 0.000033 0.000074 0.002042 0.000158 0.000154 0.000274 0.000576 0.000038 0.000035
15200 0.000033 0.000076 0.002053 0.000164 0.000157 0.000275 0.000584 0.000035 0.000034
15300 0.000034 0.000075 0.002069 0.000164 0.000157 0.000283 0.000579 0.000035 0.000034
15400 0.000034 0.000077 0.002095 0.000164 0.000157 0.000277 0.000582 0.000035 0.000034
15500 0.000034 0.000076 0.002084 0.000179 0.000159 0.000279 0.000589 0.000035 0.000035
15600 0.000034 0.000080 0.002117 0.000167 0.000160 0.000280 0.000603 0.000035 0.000035
15700 0.000034 0.000081 0.002119 0.000166 0.000161 0.000284 0.000606 0.000035 0.000035
15800 0.000034 0.000078 0.002138 0.000168 0.000162 0.000286 0.000609 0.000036 0.000035
15900 0.000038 0.000078 0.002146 0.000171 0.000165 0.000287 0.000607 0.000036 0.000036
16000 0.000035 0.000078 0.002172 0.000170 0.000165 0.000291 0.000615 0.000036 0.000036
16100 0.000035 0.000079 0.002178 0.000175 0.000167 0.000292 0.000624 0.000036 0.000038
16200 0.000035 0.000080 0.002187 0.000177 0.000167 0.000296 0.000624 0.000036 0.000036
16300 0.000037 0.000081 0.002230 0.000174 0.000169 0.000298 0.000632 0.000037 0.000037
16400 0.000038 0.000080 0.002223 0.000176 0.000171 0.000300 0.000628 0.000037 0.000037
16500 0.000038 0.000082 0.002256 0.000179 0.000173 0.000303 0.000636 0.000037 0.000037
16600 0.000038 0.000081 0.002246 0.000177 0.000173 0.000304 0.000632 0.000037 0.000037
16700 0.000037 0.000086 0.002274 0.000181 0.000177 0.000306 0.000641 0.000037 0.000038
16800 0.000037 0.000082 0.002288 0.000182 0.000176 0.000311 0.000646 0.000038 0.000038
16900 0.000038 0.000083 0.002310 0.000182 0.000178 0.000316 0.000657 0.000038 0.000038
17000 0.000038 0.000083 0.002317 0.000184 0.000182 0.000312 0.000663 0.000039 0.000039
17100 0.000039 0.000084 0.002339 0.000185 0.000183 0.000319 0.000662 0.000038 0.000039
17200 0.000038 0.000084 0.002359 0.000185 0.000181 0.000320 0.000663 0.000039 0.000039
17300 0.000043 0.000086 0.002376 0.000189 0.000182 0.000320 0.000659 0.000039 0.000039
17400 0.000039 0.000085 0.002378 0.000193 0.000184 0.000322 0.000667 0.000039 0.000039
17500 0.000039 0.000086 0.002409 0.000190 0.000184 0.000324 0.000667 0.000039 0.000039
17600 0.000038 0.000086 0.002412 0.000192 0.000187 0.000331 0.000676 0.000041 0.000039
17700 0.000039 0.000087 0.002430 0.000193 0.000188 0.000327 0.000680 0.000040 0.000043
17800 0.000039 0.000088 0.002449 0.000195 0.000189 0.000333 0.000683 0.000040 0.000040
17900 0.000040 0.000088 0.002463 0.000196 0.000189 0.000335 0.000693 0.000040 0.000040
18000 0.000040 0.000088 0.002484 0.000196 0.000191 0.000337 0.000691 0.000040 0.000040
18100 0.000040 0.000092 0.002494 0.000198 0.000192 0.000337 0.000694 0.000041 0.000041
18200 0.000041 0.000090 0.002502 0.000204 0.000193 0.000340 0.000700 0.000041 0.000041
18300 0.000042 0.000091 0.002520 0.000200 0.000195 0.000344 0.000701 0.000041 0.000041
18400 0.000041 0.000090 0.002534 0.000204 0.000196 0.000345 0.000705 0.000041 0.000041
18500 0.000043 0.000095 0.002558 0.000207 0.000197 0.000345 0.000707 0.000041 0.000043
18600 0.000041 0.000091 0.002565 0.000207 0.000199 0.000349 0.000718 0.000042 0.000041
18700 0.000042 0.000092 0.002583 0.000205 0.000199 0.000356 0.000730 0.000043 0.000044
18800 0.000043 0.000092 0.002608 0.000211 0.000200 0.000354 0.000728 0.000042 0.000042
18900 0.000042 0.000094 0.002607 0.000212 0.000204 0.000356 0.000738 0.000042 0.000042
19000 0.000042 0.000094 0.002645 0.000209 0.000204 0.000365 0.000751 0.000046 0.000042
19100 0.000044 0.000099 0.002661 0.000212 0.000211 0.000364 0.000755 0.000044 0.000044
19200 0.000043 0.000094 0.002662 0.000213 0.000206 0.000375 0.000759 0.000044 0.000043
19300 0.000049 0.000119 0.002696 0.000216 0.000209 0.000366 0.000759 0.000044 0.000047
19400 0.000049 0.000115 0.002725 0.000214 0.000211 0.000365 0.000751 0.000044 0.000043
19500 0.000049 0.000115 0.002720 0.000215 0.000210 0.000373 0.000760 0.000044 0.000053
19600 0.000049 0.000114 0.002734 0.000217 0.000214 0.000371 0.000763 0.000044 0.000044
19700 0.000050 0.000115 0.002745 0.000220 0.000211 0.000371 0.000773 0.000044 0.000044
19800 0.000050 0.000116 0.002769 0.000220 0.000213 0.000375 0.000774 0.000044 0.000047
19900 0.000050 0.000116 0.002768 0.000226 0.000217 0.000384 0.000771 0.000044 0.000045
