100 0.000002 0.000008 0.000005 0.000007 0.000007 0.000010
110 0.000002 0.000009 0.000005 0.000007 0.000008 0.000011
120 0.000002 0.000010 0.000006 0.000008 0.000009 0.000012
130 0.000003 0.000011 0.000006 0.000009 0.000009 0.000013
140 0.000003 0.000012 0.000007 0.000010 0.000010 0.000014
150 0.000003 0.000012 0.000008 0.000011 0.000011 0.000015
160 0.000004 0.000013 0.000008 0.000012 0.000012 0.000016
170 0.000004 0.000014 0.000009 0.000012 0.000012 0.000017
180 0.000004 0.000015 0.000009 0.000013 0.000014 0.000018
190 0.000005 0.000016 0.000011 0.000014 0.000015 0.000019
200 0.000005 0.000017 0.000011 0.000015 0.000015 0.000021
210 0.000005 0.000018 0.000012 0.000016 0.000016 0.000022
220 0.000006 0.000019 0.000012 0.000017 0.000017 0.000023
230 0.000006 0.000020 0.000013 0.000017 0.000018 0.000024
240 0.000007 0.000021 0.000013 0.000018 0.000018 0.000025
250 0.000007 0.000022 0.000014 0.000019 0.000020 0.000027
260 0.000008 0.000022 0.000016 0.000020 0.000020 0.000028
270 0.000008 0.000023 0.000015 0.000021 0.000021 0.000029
280 0.000009 0.000024 0.000017 0.000022 0.000024 0.000030
290 0.000009 0.000025 0.000017 0.000023 0.000023 0.000031
300 0.000010 0.000026 0.000018 0.000024 0.000024 0.000032
310 0.000011 0.000027 0.000019 0.000024 0.000025 0.000033
320 0.000011 0.000027 0.000020 0.000026 0.000025 0.000034
330 0.000012 0.000029 0.000021 0.000026 0.000026 0.000035
340 0.000012 0.000030 0.000022 0.000027 0.000027 0.000036
350 0.000013 0.000031 0.000022 0.000028 0.000028 0.000038
360 0.000015 0.000032 0.000022 0.000029 0.000029 0.000039
370 0.000015 0.000034 0.000023 0.000030 0.000031 0.000040
380 0.000015 0.000034 0.000025 0.000031 0.000031 0.000041
390 0.000016 0.000035 0.000025 0.000032 0.000032 0.000042
400 0.000018 0.000036 0.000026 0.000033 0.000033 0.000044
410 0.000017 0.000037 0.000027 0.000034 0.000034 0.000044
420 0.000018 0.000039 0.000028 0.000035 0.000035 0.000045
430 0.000019 0.000040 0.000029 0.000035 0.000035 0.000046
440 0.000020 0.000042 0.000030 0.000036 0.000037 0.000048
450 0.000021 0.000043 0.000031 0.000037 0.000037 0.000049
460 0.000022 0.000044 0.000032 0.000039 0.000039 0.000050
470 0.000024 0.000045 0.000031 0.000039 0.000039 0.000051
480 0.000025 0.000047 0.000033 0.000040 0.000041 0.000053
490 0.000026 0.000050 0.000034 0.000041 0.000042 0.000054
500 0.000028 0.000049 0.000035 0.000042 0.000043 0.000055
510 0.000029 0.000050 0.000036 0.000043 0.000043 0.000056
520 0.000029 0.000053 0.000037 0.000044 0.000044 0.000056
530 0.000031 0.000054 0.000037 0.000044 0.000045 0.000058
540 0.000036 0.000056 0.000039 0.000045 0.000046 0.000059
550 0.000033 0.000059 0.000039 0.000047 0.000047 0.000060
560 0.000035 0.000060 0.000040 0.000048 0.000048 0.000062
570 0.000037 0.000062 0.000041 0.000048 0.000049 0.000064
580 0.000038 0.000064 0.000042 0.000049 0.000050 0.000064
590 0.000039 0.000066 0.000043 0.000052 0.000052 0.000065
600 0.000041 0.000067 0.000043 0.000051 0.000052 0.000066
610 0.000043 0.000068 0.000044 0.000052 0.000052 0.000067
620 0.000045 0.000068 0.000045 0.000053 0.000054 0.000068
630 0.000046 0.000070 0.000046 0.000054 0.000054 0.000069
640 0.000047 0.000070 0.000046 0.000055 0.000055 0.000069
650 0.000049 0.000072 0.000047 0.000055 0.000056 0.000070
660 0.000050 0.000074 0.000049 0.000057 0.000057 0.000072
670 0.000053 0.000078 0.000050 0.000058 0.000058 0.000075
680 0.000055 0.000079 0.000050 0.000059 0.000059 0.000075
690 0.000055 0.000080 0.000052 0.000060 0.000060 0.000076
700 0.000057 0.000082 0.000052 0.000060 0.000061 0.000077
710 0.000059 0.000083 0.000053 0.000062 0.000062 0.000078
720 0.000061 0.000084 0.000054 0.000063 0.000063 0.000079
730 0.000063 0.000086 0.000055 0.000064 0.000064 0.000080
740 0.000064 0.000088 0.000056 0.000065 0.000064 0.000081
750 0.000065 0.000089 0.000057 0.000065 0.000066 0.000083
760 0.000067 0.000089 0.000059 0.000067 0.000066 0.000084
770 0.000069 0.000091 0.000060 0.000067 0.000068 0.000085
780 0.000071 0.000093 0.000060 0.000069 0.000068 0.000085
790 0.000076 0.000095 0.000061 0.000069 0.000069 0.000088
800 0.000074 0.000097 0.000062 0.000070 0.000071 0.000088
810 0.000077 0.000099 0.000063 0.000071 0.000071 0.000089
820 0.000078 0.000101 0.000064 0.000072 0.000072 0.000090
830 0.000080 0.000107 0.000065 0.000073 0.000074 0.000091
840 0.000082 0.000104 0.000066 0.000074 0.000075 0.000093
850 0.000084 0.000106 0.000067 0.000075 0.000075 0.000093
860 0.000086 0.000108 0.000068 0.000076 0.000076 0.000094
870 0.000088 0.000109 0.000070 0.000077 0.000077 0.000096
880 0.000089 0.000111 0.000071 0.000078 0.000079 0.000097
890 0.000090 0.000112 0.000072 0.000079 0.000080 0.000098
900 0.000092 0.000113 0.000072 0.000080 0.000080 0.000099
910 0.000096 0.000115 0.000075 0.000082 0.000082 0.000101
920 0.000096 0.000116 0.000075 0.000082 0.000082 0.000100
930 0.000098 0.000117 0.000076 0.000083 0.000083 0.000101
940 0.000100 0.000118 0.000077 0.000084 0.000084 0.000103
950 0.000103 0.000119 0.000078 0.000086 0.000085 0.000105
960 0.000105 0.000122 0.000079 0.000086 0.000087 0.000105
970 0.000107 0.000124 0.000079 0.000086 0.000088 0.000106
980 0.000108 0.000124 0.000081 0.000088 0.000091 0.000110
990 0.000113 0.000127 0.000082 0.000089 0.000090 0.000108
1000 0.000112 0.000128 0.000083 0.000090 0.000090 0.000110
1010 0.000118 0.000129 0.000083 0.000092 0.000091 0.000110
1020 0.000116 0.000130 0.000085 0.000092 0.000092 0.000111
1030 0.000118 0.000131 0.000086 0.000093 0.000093 0.000111
1040 0.000120 0.000134 0.000087 0.000093 0.000094 0.000113
1050 0.000124 0.000137 0.000089 0.000095 0.000095 0.000114
1060 0.000125 0.000137 0.000089 0.000096 0.000097 0.000115
1070 0.000127 0.000140 0.000090 0.000097 0.000100 0.000117
1080 0.000129 0.000142 0.000091 0.000098 0.000098 0.000117
1090 0.000131 0.000143 0.000091 0.000099 0.000099 0.000119
1100 0.000133 0.000145 0.000093 0.000099 0.000100 0.000119
1110 0.000134 0.000148 0.000094 0.000101 0.000101 0.000120
1120 0.000136 0.000148 0.000095 0.000102 0.000103 0.000121
1130 0.000138 0.000150 0.000096 0.000104 0.000108 0.000125
1140 0.000140 0.000153 0.000095 0.000104 0.000104 0.000123
1150 0.000145 0.000152 0.000098 0.000105 0.000104 0.000124
1160 0.000143 0.000155 0.000100 0.000106 0.000106 0.000125
1170 0.000147 0.000155 0.000100 0.000107 0.000107 0.000127
1180 0.000149 0.000157 0.000102 0.000108 0.000108 0.000127
1190 0.000151 0.000160 0.000102 0.000109 0.000109 0.000129
1200 0.000156 0.000160 0.000103 0.000110 0.000112 0.000132
1210 0.000155 0.000163 0.000104 0.000111 0.000111 0.000130
1220 0.000156 0.000162 0.000105 0.000112 0.000111 0.000131
1230 0.000158 0.000166 0.000106 0.000112 0.000113 0.000132
1240 0.000160 0.000165 0.000107 0.000113 0.000114 0.000133
1250 0.000163 0.000165 0.000108 0.000115 0.000114 0.000134
1260 0.000165 0.000167 0.000110 0.000115 0.000115 0.000135
1270 0.000167 0.000169 0.000112 0.000116 0.000117 0.000136
1280 0.000169 0.000168 0.000111 0.000118 0.000119 0.000138
1290 0.000170 0.000172 0.000113 0.000118 0.000118 0.000138
1300 0.000173 0.000173 0.000114 0.000119 0.000119 0.000139
1310 0.000176 0.000175 0.000115 0.000121 0.000120 0.000140
1320 0.000178 0.000176 0.000116 0.000122 0.000121 0.000141
1330 0.000180 0.000177 0.000117 0.000122 0.000122 0.000141
1340 0.000183 0.000178 0.000118 0.000123 0.000123 0.000143
1350 0.000184 0.000181 0.000120 0.000124 0.000124 0.000143
1360 0.000187 0.000182 0.000122 0.000125 0.000125 0.000144
1370 0.000189 0.000184 0.000122 0.000127 0.000126 0.000146
1380 0.000192 0.000186 0.000122 0.000127 0.000128 0.000146
1390 0.000193 0.000187 0.000123 0.000129 0.000128 0.000148
1400 0.000196 0.000189 0.000125 0.000129 0.000129 0.000148
1410 0.000197 0.000191 0.000126 0.000130 0.000131 0.000149
1420 0.000204 0.000193 0.000127 0.000131 0.000131 0.000151
1430 0.000201 0.000195 0.000128 0.000132 0.000133 0.000151
1440 0.000205 0.000195 0.000129 0.000133 0.000134 0.000152
1450 0.000207 0.000196 0.000130 0.000136 0.000138 0.000155
