100 0.000002 0.000008 0.000005 0.000007 0.000007 0.000010
110 0.000002 0.000009 0.000006 0.000007 0.000008 0.000011
120 0.000002 0.000010 0.000006 0.000009 0.000008 0.000012
130 0.000003 0.000011 0.000006 0.000009 0.000009 0.000013
140 0.000003 0.000012 0.000008 0.000010 0.000010 0.000014
150 0.000003 0.000012 0.000008 0.000011 0.000011 0.000016
160 0.000004 0.000014 0.000009 0.000012 0.000012 0.000017
170 0.000004 0.000014 0.000009 0.000012 0.000012 0.000018
180 0.000004 0.000015 0.000009 0.000013 0.000013 0.000019
190 0.000005 0.000016 0.000011 0.000014 0.000015 0.000020
200 0.000005 0.000017 0.000012 0.000015 0.000015 0.000022
210 0.000005 0.000018 0.000012 0.000016 0.000016 0.000023
220 0.000006 0.000019 0.000012 0.000016 0.000017 0.000024
230 0.000006 0.000020 0.000013 0.000017 0.000018 0.000025
240 0.000007 0.000021 0.000015 0.000018 0.000019 0.000026
250 0.000007 0.000022 0.000014 0.000019 0.000019 0.000027
260 0.000008 0.000022 0.000015 0.000020 0.000021 0.000028
270 0.000008 0.000023 0.000015 0.000021 0.000021 0.000029
280 0.000009 0.000024 0.000017 0.000022 0.000022 0.000031
290 0.000009 0.000026 0.000018 0.000023 0.000023 0.000032
300 0.000011 0.000027 0.000018 0.000024 0.000024 0.000033
310 0.000010 0.000027 0.000019 0.000024 0.000025 0.000034
320 0.000011 0.000027 0.000020 0.000025 0.000026 0.000036
330 0.000012 0.000029 0.000020 0.000026 0.000026 0.000039
340 0.000013 0.000030 0.000021 0.000027 0.000027 0.000038
350 0.000014 0.000030 0.000022 0.000028 0.000029 0.000039
360 0.000014 0.000032 0.000023 0.000029 0.000029 0.000040
370 0.000015 0.000033 0.000024 0.000030 0.000030 0.000041
380 0.000015 0.000033 0.000024 0.000031 0.000031 0.000043
390 0.000016 0.000035 0.000024 0.000032 0.000032 0.000044
400 0.000019 0.000036 0.000027 0.000033 0.000033 0.000046
410 0.000018 0.000038 0.000027 0.000034 0.000034 0.000047
420 0.000019 0.000039 0.000027 0.000034 0.000035 0.000048
430 0.000020 0.000041 0.000028 0.000036 0.000036 0.000050
440 0.000021 0.000043 0.000029 0.000037 0.000037 0.000051
450 0.000022 0.000043 0.000029 0.000038 0.000037 0.000052
460 0.000023 0.000044 0.000031 0.000038 0.000038 0.000053
470 0.000025 0.000045 0.000032 0.000040 0.000039 0.000054
480 0.000025 0.000047 0.000034 0.000041 0.000041 0.000056
490 0.000027 0.000050 0.000034 0.000041 0.000042 0.000057
500 0.000028 0.000050 0.000034 0.000042 0.000043 0.000058
510 0.000029 0.000051 0.000037 0.000043 0.000043 0.000062
520 0.000031 0.000052 0.000036 0.000044 0.000045 0.000061
530 0.000032 0.000054 0.000037 0.000045 0.000045 0.000062
540 0.000033 0.000057 0.000038 0.000046 0.000046 0.000063
550 0.000035 0.000057 0.000039 0.000046 0.000047 0.000064
560 0.000036 0.000064 0.000040 0.000048 0.000048 0.000065
570 0.000037 0.000061 0.000040 0.000048 0.000049 0.000066
580 0.000039 0.000063 0.000041 0.000049 0.000050 0.000069
590 0.000041 0.000066 0.000043 0.000051 0.000051 0.000070
600 0.000042 0.000066 0.000043 0.000051 0.000051 0.000071
610 0.000043 0.000069 0.000045 0.000054 0.000054 0.000072
620 0.000046 0.000069 0.000045 0.000053 0.000053 0.000073
630 0.000047 0.000070 0.000046 0.000055 0.000055 0.000074
640 0.000048 0.000070 0.000047 0.000055 0.000055 0.000076
650 0.000049 0.000072 0.000048 0.000056 0.000057 0.000077
660 0.000052 0.000073 0.000049 0.000057 0.000058 0.000078
670 0.000052 0.000076 0.000048 0.000058 0.000058 0.000080
680 0.000055 0.000078 0.000050 0.000060 0.000061 0.000081
690 0.000057 0.000082 0.000052 0.000061 0.000061 0.000082
700 0.000058 0.000081 0.000053 0.000061 0.000061 0.000083
710 0.000061 0.000083 0.000053 0.000062 0.000062 0.000085
720 0.000062 0.000084 0.000055 0.000063 0.000063 0.000086
730 0.000064 0.000086 0.000055 0.000064 0.000064 0.000088
740 0.000066 0.000088 0.000057 0.000065 0.000065 0.000089
750 0.000068 0.000089 0.000057 0.000066 0.000066 0.000090
760 0.000070 0.000090 0.000059 0.000067 0.000067 0.000091
770 0.000071 0.000092 0.000059 0.000068 0.000069 0.000094
780 0.000073 0.000093 0.000060 0.000069 0.000070 0.000094
790 0.000075 0.000094 0.000062 0.000070 0.000070 0.000095
800 0.000080 0.000096 0.000062 0.000071 0.000072 0.000097
810 0.000078 0.000098 0.000063 0.000072 0.000072 0.000097
820 0.000081 0.000101 0.000065 0.000073 0.000073 0.000099
830 0.000083 0.000103 0.000065 0.000075 0.000075 0.000104
840 0.000085 0.000104 0.000066 0.000074 0.000076 0.000102
850 0.000087 0.000106 0.000067 0.000076 0.000076 0.000103
860 0.000089 0.000108 0.000068 0.000077 0.000077 0.000104
870 0.000090 0.000110 0.000069 0.000078 0.000078 0.000106
880 0.000093 0.000110 0.000070 0.000079 0.000080 0.000107
890 0.000094 0.000112 0.000071 0.000079 0.000080 0.000108
900 0.000097 0.000114 0.000071 0.000081 0.000081 0.000110
910 0.000099 0.000115 0.000073 0.000082 0.000082 0.000112
920 0.000102 0.000118 0.000074 0.000083 0.000084 0.000112
930 0.000102 0.000118 0.000076 0.000084 0.000084 0.000113
940 0.000105 0.000119 0.000077 0.000084 0.000085 0.000115
950 0.000107 0.000120 0.000078 0.000086 0.000086 0.000116
960 0.000108 0.000122 0.000079 0.000088 0.000087 0.000118
970 0.000111 0.000125 0.000079 0.000088 0.000088 0.000119
980 0.000114 0.000126 0.000081 0.000089 0.000090 0.000122
990 0.000119 0.000129 0.000082 0.000090 0.000090 0.000123
1000 0.000118 0.000129 0.000082 0.000090 0.000092 0.000123
1010 0.000122 0.000130 0.000083 0.000093 0.000092 0.000125
1020 0.000121 0.000131 0.000084 0.000093 0.000093 0.000125
1030 0.000123 0.000132 0.000085 0.000094 0.000094 0.000127
1040 0.000126 0.000133 0.000086 0.000095 0.000095 0.000129
1050 0.000129 0.000137 0.000087 0.000096 0.000096 0.000130
1060 0.000131 0.000139 0.000089 0.000097 0.000098 0.000131
1070 0.000132 0.000138 0.000090 0.000098 0.000100 0.000132
1080 0.000134 0.000142 0.000091 0.000098 0.000099 0.000134
1090 0.000137 0.000143 0.000091 0.000100 0.000101 0.000135
1100 0.000139 0.000145 0.000093 0.000101 0.000101 0.000136
1110 0.000141 0.000146 0.000095 0.000102 0.000103 0.000138
1120 0.000142 0.000150 0.000094 0.000103 0.000103 0.000140
1130 0.000145 0.000152 0.000099 0.000107 0.000105 0.000140
1140 0.000148 0.000152 0.000096 0.000105 0.000106 0.000142
1150 0.000150 0.000153 0.000098 0.000106 0.000106 0.000144
1160 0.000152 0.000154 0.000098 0.000108 0.000107 0.000145
1170 0.000155 0.000157 0.000100 0.000108 0.000108 0.000146
1180 0.000157 0.000158 0.000100 0.000109 0.000109 0.000147
1190 0.000158 0.000160 0.000103 0.000113 0.000111 0.000149
1200 0.000164 0.000164 0.000101 0.000113 0.000112 0.000150
1210 0.000163 0.000161 0.000104 0.000112 0.000112 0.000150
1220 0.000166 0.000162 0.000105 0.000114 0.000115 0.000152
1230 0.000168 0.000163 0.000106 0.000114 0.000114 0.000155
1240 0.000171 0.000166 0.000107 0.000115 0.000116 0.000157
1250 0.000173 0.000166 0.000108 0.000116 0.000116 0.000156
1260 0.000175 0.000167 0.000109 0.000118 0.000117 0.000157
1270 0.000177 0.000169 0.000110 0.000118 0.000118 0.000160
1280 0.000181 0.000169 0.000112 0.000119 0.000120 0.000160
1290 0.000181 0.000171 0.000112 0.000120 0.000121 0.000163
1300 0.000183 0.000172 0.000114 0.000121 0.000121 0.000163
1310 0.000187 0.000175 0.000115 0.000122 0.000122 0.000164
1320 0.000190 0.000175 0.000115 0.000123 0.000123 0.000165
1330 0.000191 0.000178 0.000118 0.000124 0.000124 0.000168
1340 0.000194 0.000179 0.000118 0.000125 0.000126 0.000169
1350 0.000196 0.000180 0.000119 0.000127 0.000128 0.000170
1360 0.000199 0.000183 0.000119 0.000127 0.000127 0.000171
1370 0.000201 0.000185 0.000121 0.000128 0.000129 0.000173
1380 0.000205 0.000187 0.000123 0.000129 0.000130 0.000174
1390 0.000206 0.000187 0.000125 0.000130 0.000131 0.000175
1400 0.000208 0.000189 0.000125 0.000132 0.000135 0.000179
1410 0.000210 0.000190 0.000127 0.000132 0.000133 0.000177
1420 0.000213 0.000192 0.000128 0.000133 0.000135 0.000179
1430 0.000216 0.000192 0.000127 0.000134 0.000134 0.000181
