100 0.000002 0.000008 0.000004 0.000006 0.000007 0.000007
110 0.000002 0.000009 0.000005 0.000007 0.000007 0.000008
120 0.000002 0.000010 0.000006 0.000008 0.000008 0.000008
130 0.000003 0.000011 0.000006 0.000009 0.000009 0.000009
140 0.000003 0.000012 0.000008 0.000009 0.000010 0.000009
150 0.000003 0.000013 0.000008 0.000010 0.000010 0.000010
160 0.000003 0.000013 0.000009 0.000011 0.000011 0.000010
170 0.000004 0.000014 0.000009 0.000012 0.000012 0.000011
180 0.000004 0.000015 0.000010 0.000013 0.000013 0.000011
190 0.000004 0.000016 0.000010 0.000013 0.000014 0.000012
200 0.000005 0.000017 0.000011 0.000014 0.000014 0.000012
210 0.000005 0.000018 0.000012 0.000015 0.000015 0.000013
220 0.000005 0.000019 0.000012 0.000016 0.000016 0.000013
230 0.000006 0.000020 0.000013 0.000017 0.000017 0.000013
240 0.000006 0.000021 0.000013 0.000017 0.000018 0.000014
250 0.000006 0.000021 0.000014 0.000018 0.000018 0.000014
260 0.000007 0.000022 0.000015 0.000019 0.000019 0.000015
270 0.000007 0.000023 0.000017 0.000020 0.000020 0.000015
280 0.000008 0.000024 0.000017 0.000021 0.000021 0.000015
290 0.000008 0.000026 0.000018 0.000021 0.000022 0.000016
300 0.000008 0.000026 0.000018 0.000022 0.000023 0.000016
310 0.000009 0.000027 0.000019 0.000024 0.000023 0.000017
320 0.000010 0.000028 0.000020 0.000024 0.000026 0.000017
330 0.000010 0.000029 0.000021 0.000025 0.000025 0.000018
340 0.000011 0.000030 0.000021 0.000026 0.000026 0.000018
350 0.000011 0.000031 0.000022 0.000026 0.000027 0.000018
360 0.000012 0.000032 0.000023 0.000027 0.000027 0.000019
370 0.000012 0.000033 0.000023 0.000028 0.000028 0.000019
380 0.000013 0.000033 0.000024 0.000029 0.000029 0.000019
390 0.000014 0.000035 0.000025 0.000030 0.000030 0.000020
400 0.000015 0.000037 0.000026 0.000030 0.000031 0.000020
410 0.000015 0.000039 0.000026 0.000032 0.000032 0.000021
420 0.000016 0.000039 0.000028 0.000032 0.000033 0.000021
430 0.000016 0.000040 0.000029 0.000033 0.000033 0.000022
440 0.000017 0.000041 0.000029 0.000034 0.000034 0.000022
450 0.000018 0.000045 0.000029 0.000035 0.000035 0.000022
460 0.000018 0.000043 0.000030 0.000036 0.000036 0.000023
470 0.000019 0.000044 0.000031 0.000037 0.000037 0.000023
480 0.000019 0.000044 0.000032 0.000038 0.000037 0.000023
490 0.000021 0.000047 0.000033 0.000038 0.000038 0.000024
500 0.000021 0.000049 0.000034 0.000039 0.000039 0.000024
510 0.000022 0.000050 0.000035 0.000041 0.000041 0.000025
520 0.000023 0.000051 0.000036 0.000042 0.000042 0.000025
530 0.000024 0.000053 0.000036 0.000042 0.000043 0.000026
540 0.000024 0.000057 0.000038 0.000043 0.000043 0.000026
550 0.000026 0.000057 0.000037 0.000045 0.000044 0.000026
560 0.000027 0.000059 0.000039 0.000044 0.000044 0.000027
570 0.000027 0.000059 0.000040 0.000045 0.000045 0.000027
580 0.000028 0.000061 0.000040 0.000047 0.000046 0.000028
590 0.000030 0.000062 0.000043 0.000047 0.000047 0.000028
600 0.000031 0.000063 0.000042 0.000048 0.000048 0.000028
610 0.000031 0.000065 0.000044 0.000049 0.000049 0.000029
620 0.000032 0.000067 0.000045 0.000050 0.000050 0.000029
630 0.000034 0.000066 0.000046 0.000052 0.000051 0.000030
640 0.000034 0.000067 0.000046 0.000051 0.000051 0.000030
650 0.000037 0.000071 0.000049 0.000053 0.000053 0.000030
660 0.000038 0.000070 0.000047 0.000054 0.000053 0.000031
670 0.000038 0.000073 0.000049 0.000055 0.000054 0.000032
680 0.000040 0.000074 0.000049 0.000055 0.000056 0.000031
690 0.000040 0.000075 0.000051 0.000057 0.000056 0.000032
700 0.000042 0.000077 0.000051 0.000057 0.000057 0.000032
710 0.000042 0.000078 0.000052 0.000059 0.000058 0.000032
720 0.000045 0.000080 0.000053 0.000059 0.000061 0.000033
730 0.000045 0.000080 0.000056 0.000060 0.000061 0.000033
740 0.000047 0.000084 0.000056 0.000061 0.000061 0.000034
750 0.000048 0.000082 0.000056 0.000062 0.000062 0.000035
760 0.000050 0.000085 0.000057 0.000063 0.000063 0.000035
770 0.000051 0.000085 0.000058 0.000065 0.000064 0.000035
780 0.000052 0.000087 0.000059 0.000065 0.000065 0.000035
790 0.000053 0.000090 0.000060 0.000066 0.000066 0.000035
800 0.000055 0.000091 0.000061 0.000067 0.000067 0.000036
810 0.000057 0.000093 0.000062 0.000067 0.000068 0.000036
820 0.000057 0.000094 0.000062 0.000069 0.000069 0.000037
830 0.000059 0.000096 0.000065 0.000069 0.000070 0.000037
840 0.000060 0.000099 0.000065 0.000070 0.000071 0.000037
850 0.000061 0.000100 0.000066 0.000072 0.000072 0.000038
860 0.000062 0.000101 0.000067 0.000075 0.000073 0.000038
870 0.000064 0.000102 0.000068 0.000074 0.000074 0.000039
880 0.000066 0.000103 0.000068 0.000075 0.000075 0.000039
890 0.000068 0.000105 0.000070 0.000076 0.000077 0.000039
900 0.000069 0.000106 0.000071 0.000076 0.000077 0.000040
910 0.000075 0.000107 0.000071 0.000078 0.000078 0.000040
920 0.000072 0.000108 0.000073 0.000079 0.000079 0.000040
930 0.000073 0.000110 0.000073 0.000080 0.000080 0.000042
940 0.000075 0.000111 0.000075 0.000081 0.000081 0.000041
950 0.000076 0.000111 0.000076 0.000082 0.000082 0.000042
960 0.000077 0.000112 0.000076 0.000083 0.000084 0.000042
970 0.000078 0.000115 0.000078 0.000085 0.000084 0.000042
980 0.000080 0.000116 0.000078 0.000085 0.000085 0.000043
990 0.000081 0.000118 0.000079 0.000087 0.000088 0.000043
1000 0.000083 0.000121 0.000080 0.000088 0.000088 0.000043
1010 0.000085 0.000121 0.000081 0.000089 0.000089 0.000044
1020 0.000087 0.000122 0.000082 0.000090 0.000090 0.000045
1030 0.000087 0.000123 0.000083 0.000090 0.000091 0.000045
1040 0.000090 0.000125 0.000083 0.000092 0.000092 0.000045
1050 0.000091 0.000127 0.000085 0.000094 0.000094 0.000045
1060 0.000093 0.000128 0.000086 0.000094 0.000095 0.000046
1070 0.000095 0.000131 0.000087 0.000095 0.000096 0.000047
1080 0.000101 0.000133 0.000090 0.000097 0.000096 0.000046
1090 0.000099 0.000136 0.000088 0.000098 0.000097 0.000048
1100 0.000099 0.000137 0.000092 0.000099 0.000099 0.000048
1110 0.000101 0.000137 0.000091 0.000100 0.000100 0.000048
1120 0.000101 0.000139 0.000092 0.000101 0.000101 0.000048
1130 0.000103 0.000140 0.000094 0.000102 0.000102 0.000049
1140 0.000105 0.000142 0.000094 0.000103 0.000103 0.000050
1150 0.000108 0.000142 0.000095 0.000104 0.000104 0.000050
1160 0.000110 0.000144 0.000095 0.000109 0.000106 0.000050
1170 0.000111 0.000145 0.000097 0.000108 0.000108 0.000050
1180 0.000113 0.000146 0.000098 0.000107 0.000108 0.000051
1190 0.000114 0.000148 0.000099 0.000109 0.000109 0.000051
1200 0.000116 0.000150 0.000100 0.000110 0.000111 0.000051
1210 0.000117 0.000150 0.000101 0.000112 0.000112 0.000052
1220 0.000118 0.000152 0.000103 0.000113 0.000112 0.000053
1230 0.000119 0.000152 0.000103 0.000113 0.000114 0.000052
1240 0.000122 0.000163 0.000105 0.000114 0.000115 0.000053
1250 0.000123 0.000154 0.000105 0.000115 0.000117 0.000053
1260 0.000125 0.000155 0.000106 0.000116 0.000117 0.000053
1270 0.000127 0.000157 0.000108 0.000118 0.000119 0.000054
1280 0.000128 0.000156 0.000108 0.000119 0.000119 0.000054
1290 0.000131 0.000159 0.000110 0.000120 0.000121 0.000055
1300 0.000132 0.000161 0.000111 0.000122 0.000123 0.000055
1310 0.000135 0.000167 0.000113 0.000124 0.000126 0.000056
1320 0.000136 0.000164 0.000115 0.000124 0.000124 0.000056
1330 0.000138 0.000164 0.000113 0.000125 0.000125 0.000056
1340 0.000139 0.000166 0.000116 0.000127 0.000126 0.000056
1350 0.000141 0.000168 0.000115 0.000127 0.000127 0.000057
1360 0.000142 0.000169 0.000117 0.000128 0.000128 0.000057
1370 0.000144 0.000170 0.000118 0.000130 0.000130 0.000057
1380 0.000146 0.000171 0.000119 0.000130 0.000130 0.000058
1390 0.000147 0.000173 0.000119 0.000132 0.000132 0.000058
1400 0.000149 0.000176 0.000122 0.000133 0.000133 0.000058
1410 0.000151 0.000175 0.000121 0.000134 0.000134 0.000059
1420 0.000152 0.000177 0.000124 0.000135 0.000135 0.000059
1430 0.000154 0.000177 0.000124 0.000136 0.000136 0.000060
1440 0.000155 0.000178 0.000125 0.000138 0.000138 0.000060
1450 0.000158 0.000179 0.000128 0.000139 0.000139 0.000061
1460 0.000160 0.000182 0.000126 0.000140 0.000141 0.000061
1470 0.000161 0.000183 0.000128 0.000141 0.000143 0.000061
1480 0.000164 0.000183 0.000130 0.000143 0.000143 0.000061
1490 0.000164 0.000185 0.000130 0.000144 0.000146 0.000062
1500 0.000167 0.000186 0.000132 0.000144 0.000146 0.000062
1510 0.000168 0.000187 0.000132 0.000146 0.000147 0.000063
1520 0.000171 0.000188 0.000134 0.000148 0.000147 0.000063
1530 0.000173 0.000189 0.000134 0.000149 0.000148 0.000063
1540 0.000175 0.000191 0.000136 0.000152 0.000150 0.000064
1550 0.000177 0.000191 0.000137 0.000151 0.000152 0.000065
1560 0.000179 0.000194 0.000138 0.000153 0.000153 0.000065
1570 0.000180 0.000197 0.000139 0.000153 0.000154 0.000065
1580 0.000182 0.000198 0.000142 0.000159 0.000157 0.000066
