100 0.000000 0.000007 0.000005 0.000004 0.000004 0.000002
110 0.000000 0.000008 0.000006 0.000005 0.000005 0.000002
120 0.000000 0.000008 0.000006 0.000005 0.000006 0.000002
130 0.000000 0.000009 0.000007 0.000006 0.000006 0.000002
140 0.000000 0.000010 0.000007 0.000006 0.000006 0.000002
150 0.000000 0.000010 0.000008 0.000007 0.000007 0.000003
160 0.000000 0.000011 0.000009 0.000007 0.000007 0.000003
170 0.000000 0.000012 0.000010 0.000008 0.000008 0.000003
180 0.000000 0.000012 0.000010 0.000008 0.000008 0.000003
190 0.000000 0.000013 0.000011 0.000009 0.000009 0.000003
200 0.000000 0.000013 0.000012 0.000009 0.000009 0.000003
210 0.000000 0.000015 0.000012 0.000010 0.000010 0.000004
220 0.000000 0.000016 0.000013 0.000011 0.000011 0.000004
230 0.000000 0.000016 0.000014 0.000011 0.000012 0.000004
240 0.000000 0.000017 0.000014 0.000012 0.000012 0.000004
250 0.000000 0.000017 0.000015 0.000012 0.000012 0.000004
260 0.000000 0.000017 0.000016 0.000012 0.000013 0.000004
270 0.000000 0.000018 0.000017 0.000013 0.000013 0.000005
280 0.000000 0.000019 0.000018 0.000014 0.000014 0.000005
290 0.000000 0.000020 0.000019 0.000014 0.000014 0.000005
300 0.000000 0.000020 0.000020 0.000015 0.000016 0.000005
310 0.000000 0.000022 0.000021 0.000015 0.000015 0.000005
320 0.000000 0.000021 0.000021 0.000016 0.000016 0.000005
330 0.000000 0.000022 0.000022 0.000016 0.000016 0.000006
340 0.000000 0.000023 0.000024 0.000018 0.000017 0.000006
350 0.000000 0.000024 0.000023 0.000017 0.000017 0.000006
360 0.000000 0.000024 0.000024 0.000018 0.000018 0.000006
370 0.000000 0.000025 0.000026 0.000019 0.000019 0.000007
380 0.000000 0.000025 0.000026 0.000019 0.000019 0.000007
390 0.000000 0.000026 0.000028 0.000019 0.000020 0.000007
400 0.000000 0.000027 0.000028 0.000020 0.000020 0.000007
410 0.000000 0.000028 0.000029 0.000020 0.000020 0.000007
420 0.000001 0.000029 0.000029 0.000021 0.000021 0.000007
430 0.000001 0.000030 0.000031 0.000021 0.000021 0.000008
440 0.000001 0.000030 0.000032 0.000022 0.000022 0.000008
450 0.000001 0.000031 0.000032 0.000022 0.000023 0.000008
460 0.000001 0.000031 0.000033 0.000023 0.000023 0.000008
470 0.000001 0.000032 0.000034 0.000023 0.000024 0.000009
480 0.000001 0.000032 0.000035 0.000024 0.000024 0.000009
490 0.000001 0.000033 0.000036 0.000027 0.000025 0.000009
500 0.000001 0.000034 0.000037 0.000025 0.000025 0.000009
510 0.000001 0.000034 0.000038 0.000026 0.000026 0.000010
520 0.000001 0.000035 0.000039 0.000026 0.000026 0.000010
530 0.000001 0.000036 0.000040 0.000027 0.000027 0.000010
540 0.000001 0.000037 0.000041 0.000028 0.000028 0.000010
550 0.000001 0.000039 0.000042 0.000028 0.000028 0.000010
560 0.000001 0.000039 0.000043 0.000028 0.000029 0.000010
570 0.000001 0.000042 0.000044 0.000029 0.000029 0.000011
580 0.000001 0.000041 0.000045 0.000030 0.000030 0.000011
590 0.000001 0.000042 0.000046 0.000030 0.000030 0.000011
600 0.000001 0.000042 0.000047 0.000030 0.000031 0.000011
610 0.000001 0.000042 0.000048 0.000032 0.000031 0.000011
620 0.000001 0.000042 0.000049 0.000032 0.000032 0.000011
630 0.000001 0.000043 0.000050 0.000032 0.000032 0.000012
640 0.000001 0.000043 0.000050 0.000032 0.000033 0.000012
650 0.000001 0.000044 0.000051 0.000033 0.000033 0.000012
660 0.000001 0.000045 0.000053 0.000034 0.000034 0.000013
670 0.000001 0.000047 0.000054 0.000034 0.000035 0.000013
680 0.000001 0.000047 0.000056 0.000035 0.000036 0.000013
690 0.000001 0.000048 0.000056 0.000036 0.000036 0.000013
700 0.000001 0.000048 0.000057 0.000036 0.000036 0.000013
710 0.000001 0.000049 0.000058 0.000036 0.000037 0.000013
720 0.000001 0.000049 0.000061 0.000038 0.000038 0.000014
730 0.000001 0.000050 0.000060 0.000037 0.000037 0.000014
740 0.000001 0.000051 0.000061 0.000038 0.000038 0.000014
750 0.000001 0.000051 0.000062 0.000038 0.000039 0.000014
760 0.000001 0.000051 0.000062 0.000039 0.000039 0.000015
770 0.000001 0.000052 0.000063 0.000041 0.000039 0.000015
780 0.000001 0.000053 0.000067 0.000040 0.000040 0.000015
790 0.000001 0.000054 0.000065 0.000041 0.000041 0.000015
800 0.000001 0.000055 0.000066 0.000042 0.000041 0.000015
810 0.000001 0.000056 0.000067 0.000042 0.000043 0.000015
820 0.000001 0.000058 0.000069 0.000043 0.000042 0.000016
830 0.000001 0.000058 0.000071 0.000042 0.000043 0.000016
840 0.000001 0.000059 0.000071 0.000043 0.000043 0.000016
850 0.000001 0.000060 0.000074 0.000045 0.000045 0.000017
860 0.000001 0.000061 0.000073 0.000044 0.000044 0.000016
870 0.000001 0.000062 0.000074 0.000045 0.000045 0.000017
880 0.000001 0.000061 0.000075 0.000046 0.000046 0.000017
890 0.000001 0.000062 0.000075 0.000046 0.000046 0.000017
900 0.000001 0.000063 0.000077 0.000046 0.000046 0.000017
910 0.000001 0.000062 0.000077 0.000047 0.000047 0.000018
920 0.000001 0.000064 0.000078 0.000047 0.000047 0.000018
930 0.000001 0.000064 0.000080 0.000048 0.000048 0.000018
940 0.000001 0.000064 0.000080 0.000048 0.000048 0.000018
950 0.000001 0.000065 0.000083 0.000049 0.000050 0.000018
960 0.000001 0.000066 0.000083 0.000051 0.000050 0.000019
970 0.000001 0.000069 0.000085 0.000051 0.000050 0.000019
980 0.000001 0.000068 0.000085 0.000051 0.000051 0.000019
990 0.000001 0.000068 0.000087 0.000051 0.000051 0.000019
1000 0.000001 0.000069 0.000088 0.000052 0.000052 0.000020
1010 0.000001 0.000069 0.000089 0.000052 0.000052 0.000020
1020 0.000001 0.000070 0.000090 0.000053 0.000053 0.000020
1030 0.000001 0.000071 0.000091 0.000053 0.000054 0.000020
1040 0.000001 0.000072 0.000092 0.000054 0.000054 0.000021
1050 0.000001 0.000073 0.000093 0.000054 0.000055 0.000021
1060 0.000001 0.000074 0.000094 0.000056 0.000055 0.000021
1070 0.000001 0.000074 0.000095 0.000056 0.000056 0.000021
1080 0.000001 0.000076 0.000096 0.000056 0.000056 0.000021
1090 0.000001 0.000077 0.000097 0.000058 0.000057 0.000021
1100 0.000001 0.000078 0.000098 0.000058 0.000057 0.000022
1110 0.000001 0.000079 0.000099 0.000058 0.000058 0.000022
1120 0.000001 0.000080 0.000102 0.000058 0.000058 0.000023
1130 0.000001 0.000081 0.000102 0.000059 0.000059 0.000022
1140 0.000002 0.000082 0.000102 0.000059 0.000059 0.000023
1150 0.000001 0.000082 0.000103 0.000060 0.000060 0.000023
1160 0.000001 0.000083 0.000105 0.000060 0.000060 0.000023
1170 0.000001 0.000083 0.000106 0.000061 0.000061 0.000024
1180 0.000001 0.000084 0.000110 0.000061 0.000062 0.000024
1190 0.000001 0.000084 0.000109 0.000062 0.000062 0.000024
1200 0.000001 0.000084 0.000109 0.000063 0.000063 0.000024
1210 0.000001 0.000085 0.000111 0.000063 0.000063 0.000024
1220 0.000001 0.000085 0.000112 0.000064 0.000064 0.000025
1230 0.000001 0.000086 0.000113 0.000064 0.000064 0.000025
1240 0.000001 0.000086 0.000114 0.000065 0.000065 0.000025
1250 0.000001 0.000086 0.000115 0.000066 0.000065 0.000025
1260 0.000001 0.000087 0.000115 0.000066 0.000065 0.000025
1270 0.000001 0.000087 0.000117 0.000066 0.000066 0.000026
1280 0.000002 0.000087 0.000118 0.000067 0.000067 0.000026
1290 0.000002 0.000088 0.000120 0.000068 0.000068 0.000026
1300 0.000002 0.000090 0.000122 0.000068 0.000068 0.000026
1310 0.000002 0.000091 0.000122 0.000068 0.000069 0.000027
1320 0.000002 0.000092 0.000124 0.000069 0.000069 0.000027
1330 0.000002 0.000093 0.000124 0.000069 0.000070 0.000027
1340 0.000002 0.000094 0.000126 0.000070 0.000070 0.000027
1350 0.000002 0.000094 0.000126 0.000071 0.000071 0.000027
1360 0.000002 0.000095 0.000128 0.000071 0.000072 0.000028
1370 0.000002 0.000096 0.000130 0.000072 0.000072 0.000028
1380 0.000002 0.000097 0.000131 0.000072 0.000072 0.000028
1390 0.000002 0.000097 0.000131 0.000073 0.000073 0.000028
1400 0.000002 0.000097 0.000133 0.000073 0.000075 0.000029
1410 0.000002 0.000102 0.000136 0.000074 0.000074 0.000028
1420 0.000002 0.000100 0.000135 0.000074 0.000076 0.000029
1430 0.000002 0.000102 0.000135 0.000075 0.000075 0.000029
1440 0.000002 0.000102 0.000137 0.000076 0.000076 0.000029
1450 0.000002 0.000101 0.000138 0.000076 0.000076 0.000029
1460 0.000002 0.000101 0.000138 0.000076 0.000076 0.000030
1470 0.000002 0.000102 0.000141 0.000077 0.000077 0.000030
1480 0.000002 0.000103 0.000141 0.000078 0.000078 0.000031
1490 0.000002 0.000103 0.000143 0.000078 0.000079 0.000031
1500 0.000002 0.000104 0.000145 0.000079 0.000079 0.000030
1510 0.000002 0.000104 0.000146 0.000079 0.000079 0.000031
1520 0.000002 0.000104 0.000146 0.000081 0.000081 0.000032
1530 0.000002 0.000106 0.000148 0.000081 0.000082 0.000031
1540 0.000002 0.000108 0.000148 0.000081 0.000081 0.000032
1550 0.000002 0.000107 0.000149 0.000082 0.000081 0.000032
1560 0.000002 0.000109 0.000150 0.000082 0.000082 0.000032
1570 0.000002 0.000109 0.000152 0.000083 0.000083 0.000032
1580 0.000002 0.000110 0.000153 0.000083 0.000084 0.000032
1590 0.000002 0.000112 0.000153 0.000084 0.000084 0.000032
1600 0.000002 0.000112 0.000156 0.000084 0.000085 0.000033
1610 0.000002 0.000113 0.000155 0.000084 0.000084 0.000034
1620 0.000002 0.000113 0.000157 0.000086 0.000085 0.000034
1630 0.000002 0.000123 0.000161 0.000086 0.000086 0.000034
1640 0.000002 0.000116 0.000158 0.000086 0.000086 0.000034
1650 0.000002 0.000117 0.000160 0.000087 0.000087 0.000034
1660 0.000002 0.000117 0.000161 0.000088 0.000087 0.000034
1670 0.000002 0.000118 0.000162 0.000089 0.000088 0.000034
1680 0.000002 0.000119 0.000164 0.000089 0.000089 0.000034
1690 0.000002 0.000120 0.000164 0.000089 0.000089 0.000035
1700 0.000002 0.000122 0.000166 0.000090 0.000090 0.000035
1710 0.000002 0.000122 0.000166 0.000091 0.000090 0.000035
1720 0.000002 0.000123 0.000167 0.000096 0.000091 0.000035
1730 0.000002 0.000123 0.000171 0.000095 0.000092 0.000036
1740 0.000002 0.000124 0.000171 0.000092 0.000091 0.000036
1750 0.000002 0.000124 0.000171 0.000092 0.000092 0.000038
1760 0.000002 0.000124 0.000172 0.000093 0.000093 0.000036
1770 0.000002 0.000129 0.000174 0.000094 0.000094 0.000037
1780 0.000002 0.000126 0.000174 0.000093 0.000094 0.000036
1790 0.000002 0.000126 0.000174 0.000095 0.000095 0.000037
1800 0.000002 0.000128 0.000177 0.000095 0.000095 0.000037
1810 0.000002 0.000126 0.000177 0.000096 0.000095 0.000037
1820 0.000002 0.000126 0.000178 0.000096 0.000096 0.000038
1830 0.000002 0.000127 0.000180 0.000096 0.000097 0.000038
1840 0.000002 0.000127 0.000182 0.000098 0.000097 0.000038
1850 0.000002 0.000129 0.000182 0.000098 0.000099 0.000038
1860 0.000002 0.000129 0.000183 0.000099 0.000099 0.000038
1870 0.000002 0.000130 0.000185 0.000099 0.000099 0.000038
1880 0.000002 0.000130 0.000185 0.000100 0.000099 0.000039
1890 0.000002 0.000131 0.000187 0.000100 0.000099 0.000039
1900 0.000002 0.000131 0.000188 0.000100 0.000101 0.000039
1910 0.000002 0.000132 0.000189 0.000101 0.000100 0.000040
1920 0.000002 0.000134 0.000191 0.000102 0.000101 0.000039
1930 0.000002 0.000135 0.000192 0.000103 0.000102 0.000040
1940 0.000002 0.000137 0.000192 0.000102 0.000102 0.000040
1950 0.000002 0.000137 0.000195 0.000103 0.000103 0.000040
1960 0.000002 0.000137 0.000195 0.000104 0.000104 0.000040
1970 0.000002 0.000139 0.000195 0.000104 0.000104 0.000041
1980 0.000002 0.000138 0.000197 0.000107 0.000106 0.000041
1990 0.000002 0.000140 0.000198 0.000105 0.000105 0.000042
2000 0.000002 0.000140 0.000199 0.000106 0.000106 0.000041
2010 0.000002 0.000140 0.000200 0.000107 0.000106 0.000042
2020 0.000002 0.000141 0.000201 0.000107 0.000106 0.000042
2030 0.000002 0.000142 0.000202 0.000108 0.000107 0.000042
2040 0.000002 0.000141 0.000205 0.000109 0.000108 0.000042
2050 0.000002 0.000143 0.000206 0.000112 0.000111 0.000043
2060 0.000002 0.000143 0.000207 0.000109 0.000108 0.000043
2070 0.000002 0.000145 0.000207 0.000110 0.000109 0.000043
2080 0.000002 0.000144 0.000209 0.000110 0.000111 0.000043
2090 0.000003 0.000146 0.000212 0.000111 0.000110 0.000043
2100 0.000002 0.000146 0.000212 0.000112 0.000111 0.000043
