100 0.000002 0.000004 0.000005 0.000005 0.000002 0.000003 0.000003 0.000003
10100 0.001097 0.001319 0.000986 0.000984 0.001113 0.001343 0.002171 0.001357
20100 0.002425 0.002886 0.002119 0.002120 0.002402 0.002829 0.005817 0.002946
30100 0.003755 0.004610 0.003257 0.003278 0.003752 0.004460 0.009391 0.004643
40100 0.005104 0.006317 0.004422 0.004514 0.005089 0.005976 0.019199 0.006457
50100 0.006452 0.008218 0.005634 0.005637 0.006389 0.007742 0.026306 0.008530
60100 0.007979 0.010209 0.006945 0.006943 0.007828 0.009622 0.033235 0.010141
70100 0.009356 0.012191 0.008093 0.008134 0.009255 0.011340 0.064709 0.012440
80100 0.010871 0.014218 0.009421 0.009392 0.010676 0.012819 0.078931 0.014411
90100 0.012137 0.016202 0.010826 0.010842 0.012299 0.014591 0.090712 0.016346
100100 0.013662 0.018447 0.011953 0.011941 0.013686 0.016378 0.102493 0.018482
