30 0.008310
1030 0.008316
2030 0.008325
3030 0.008337
4030 0.008305
5030 0.008302
6030 0.008326
7030 0.008322
8030 0.008320
9030 0.008308
10030 0.008308
11030 0.008311
12030 0.008705
13030 0.008323
14030 0.008332
15030 0.008326
16030 0.008332
17030 0.008321
18030 0.008307
19030 0.008310
20030 0.008318
21030 0.008333
22030 0.008309
23030 0.008322
24030 0.008306
25030 0.008318
26030 0.008316
27030 0.008347
28030 0.008303
29030 0.008326
30030 0.008300
31030 0.008327
32030 0.008324
33030 0.008300
34030 0.008314
35030 0.008526
36030 0.008308
37030 0.008311
38030 0.008338
39030 0.008306
40030 0.008300
41030 0.008303
42030 0.008310
43030 0.008317
44030 0.008312
45030 0.008310
46030 0.008320
47030 0.008317
48030 0.008314
49030 0.008302
