30 0.008342
60 0.008332
90 0.008309
120 0.008336
150 0.008361
180 0.008339
210 0.008343
240 0.008333
270 0.008318
300 0.008347
330 0.008324
360 0.008323
390 0.008332
420 0.008313
450 0.008312
480 0.009188
510 0.008206
540 0.008223
570 0.008203
600 0.008220
630 0.008197
660 0.008223
690 0.008218
720 0.008212
750 0.008189
780 0.008213
810 0.008214
840 0.008199
870 0.008221
900 0.008229
930 0.008219
960 0.008215
990 0.008208
1020 0.008304
1050 0.008197
1080 0.008219
1110 0.008196
1140 0.008206
1170 0.008194
1200 0.008221
1230 0.008227
1260 0.008214
1290 0.008220
1320 0.008256
1350 0.008186
1380 0.008211
1410 0.008187
1440 0.008223
1470 0.008222
1500 0.008219
1530 0.008210
1560 0.008214
1590 0.008201
