30 0.008348
130 0.008340
230 0.008331
330 0.008331
430 0.008310
530 0.008349
630 0.008329
730 0.008322
830 0.008325
930 0.008338
1030 0.008336
1130 0.008319
1230 0.008316
1330 0.008321
1430 0.008336
1530 0.008342
1630 0.008327
1730 0.008317
1830 0.008336
1930 0.008317
2030 0.008325
2130 0.008302
2230 0.008493
2330 0.008342
2430 0.008327
2530 0.008311
2630 0.008328
2730 0.008342
2830 0.008342
2930 0.008336
3030 0.008343
3130 0.008336
3230 0.008323
3330 0.008326
3430 0.008342
3530 0.008322
3630 0.008341
3730 0.008329
3830 0.008319
3930 0.008335
4030 0.008325
4130 0.008331
4230 0.008314
4330 0.008365
4430 0.008341
4530 0.008325
4630 0.008316
4730 0.008322
4830 0.008321
4930 0.008320
5030 0.008317
5130 0.008317
5230 0.008312
5330 0.008315
5430 0.008328
5530 0.008313
