100 0.000001 0.000005 0.000002 0.000002 0.000000 0.000002 0.000001 0.000001
4100 0.000041 0.000459 0.000110 0.000109 0.000077 0.000143 0.000009 0.000028
8100 0.000097 0.001023 0.000221 0.000222 0.000177 0.000293 0.000018 0.000055
12100 0.000155 0.001614 0.000341 0.000340 0.000282 0.000445 0.000027 0.000083
16100 0.000223 0.002207 0.000459 0.000466 0.000384 0.000621 0.000036 0.000111
20100 0.000338 0.002844 0.000596 0.000585 0.000500 0.000785 0.000045 0.000138
24100 0.000373 0.003488 0.000715 0.000711 0.000621 0.000942 0.000054 0.000167
28100 0.000422 0.004137 0.000838 0.000837 0.000734 0.001119 0.000063 0.000195
32100 0.000461 0.004753 0.000978 0.000967 0.000857 0.001309 0.000072 0.000229
36100 0.000652 0.005442 0.001103 0.001099 0.000985 0.001483 0.000081 0.000254
40100 0.000684 0.006120 0.001238 0.001239 0.001123 0.001644 0.000095 0.000289
44100 0.000730 0.006810 0.001379 0.001351 0.001237 0.001793 0.000100 0.000323
48100 0.000768 0.007483 0.001509 0.001490 0.001357 0.001981 0.000115 0.000343
