100 0.000005 0.000011 0.000021 0.000019 0.000019 0.000022
1100 0.000204 0.000211 0.000445 0.000296 0.000296 0.000350
2100 0.000526 0.000451 0.000934 0.000622 0.000613 0.000730
3100 0.000924 0.000709 0.001463 0.000968 0.000960 0.001122
4100 0.001377 0.000943 0.001995 0.001340 0.001309 0.001538
5100 0.001921 0.001185 0.002558 0.001688 0.001671 0.001974
6100 0.002493 0.001462 0.003124 0.002066 0.002050 0.002392
7100 0.003147 0.001721 0.003703 0.002431 0.002416 0.002843
8100 0.003903 0.002023 0.004283 0.002827 0.002792 0.003313
9100 0.004701 0.002268 0.004884 0.003222 0.003163 0.003766
10100 0.005632 0.002507 0.005540 0.003636 0.003603 0.004211
11100 0.006841 0.002804 0.006109 0.004014 0.003978 0.004670
12100 0.007911 0.003044 0.006708 0.004374 0.004356 0.005089
13100 0.009273 0.003359 0.007308 0.004830 0.004744 0.005549
14100 0.010809 0.003609 0.007964 0.005213 0.005150 0.006041
15100 0.012345 0.003881 0.008656 0.005604 0.005555 0.006528
16100 0.014048 0.004101 0.009221 0.006003 0.005957 0.007018
