100 0.000002 0.000005 0.000005 0.000006 0.000002 0.000004 0.000003
200 0.000004 0.000011 0.000014 0.000013 0.000014 0.000008 0.000006
300 0.000009 0.000018 0.000020 0.000021 0.000023 0.000017 0.000009
400 0.000013 0.000026 0.000028 0.000028 0.000032 0.000028 0.000014
500 0.000020 0.000035 0.000035 0.000036 0.000041 0.000038 0.000020
600 0.000027 0.000047 0.000044 0.000044 0.000051 0.000049 0.000030
700 0.000034 0.000051 0.000052 0.000052 0.000061 0.000059 0.000035
800 0.000043 0.000060 0.000060 0.000061 0.000071 0.000072 0.000053
900 0.000052 0.000071 0.000070 0.000070 0.000081 0.000082 0.000065
1000 0.000060 0.000082 0.000079 0.000079 0.000095 0.000096 0.000076
1100 0.000076 0.000093 0.000088 0.000088 0.000101 0.000107 0.000098
1200 0.000085 0.000102 0.000096 0.000097 0.000112 0.000119 0.000116
1300 0.000096 0.000113 0.000105 0.000105 0.000126 0.000130 0.000125
1400 0.000105 0.000127 0.000114 0.000115 0.000133 0.000142 0.000141
1500 0.000117 0.000135 0.000124 0.000123 0.000144 0.000157 0.000153
1600 0.000127 0.000146 0.000140 0.000137 0.000154 0.000172 0.000179
1700 0.000145 0.000158 0.000142 0.000142 0.000166 0.000183 0.000185
1800 0.000148 0.000168 0.000151 0.000151 0.000180 0.000190 0.000202
1900 0.000163 0.000180 0.000160 0.000161 0.000187 0.000205 0.000216
2000 0.000169 0.000192 0.000174 0.000172 0.000203 0.000222 0.000232
2100 0.000182 0.000208 0.000180 0.000180 0.000213 0.000229 0.000257
2200 0.000194 0.000221 0.000189 0.000193 0.000219 0.000250 0.000282
2300 0.000208 0.000234 0.000206 0.000210 0.000237 0.000252 0.000298
2400 0.000216 0.000241 0.000209 0.000216 0.000243 0.000265 0.000321
2500 0.000232 0.000257 0.000223 0.000222 0.000258 0.000279 0.000287
2600 0.000243 0.000265 0.000228 0.000227 0.000266 0.000295 0.000346
2700 0.000250 0.000277 0.000241 0.000242 0.000285 0.000317 0.000366
2800 0.000263 0.000293 0.000247 0.000247 0.000287 0.000327 0.000380
2900 0.000298 0.000305 0.000257 0.000261 0.000299 0.000332 0.000390
3000 0.000288 0.000325 0.000267 0.000273 0.000310 0.000346 0.000404
3100 0.000304 0.000331 0.000287 0.000279 0.000324 0.000356 0.000415
3200 0.000307 0.000342 0.000291 0.000290 0.000337 0.000371 0.000435
3300 0.000319 0.000355 0.000296 0.000300 0.000348 0.000386 0.000480
3400 0.000334 0.000369 0.000306 0.000307 0.000360 0.000397 0.000471
3500 0.000342 0.000395 0.000321 0.000320 0.000368 0.000415 0.000473
3600 0.000360 0.000393 0.000331 0.000331 0.000388 0.000419 0.000519
3700 0.000366 0.000411 0.000340 0.000336 0.000395 0.000437 0.000500
3800 0.000380 0.000419 0.000347 0.000347 0.000413 0.000452 0.000534
3900 0.000385 0.000436 0.000361 0.000359 0.000414 0.000464 0.000561
4000 0.000396 0.000449 0.000368 0.000366 0.000425 0.000476 0.000503
4100 0.000405 0.000461 0.000376 0.000377 0.000442 0.000489 0.000631
4200 0.000421 0.000477 0.000387 0.000390 0.000453 0.000507 0.000655
4300 0.000435 0.000486 0.000399 0.000403 0.000462 0.000520 0.000667
4400 0.000442 0.000503 0.000407 0.000415 0.000476 0.000536 0.000688
4500 0.000454 0.000518 0.000420 0.000418 0.000485 0.000545 0.000705
4600 0.000464 0.000531 0.000431 0.000432 0.000497 0.000553 0.000717
4700 0.000485 0.000555 0.000438 0.000439 0.000509 0.000568 0.000761
4800 0.000488 0.000553 0.000449 0.000449 0.000521 0.000583 0.000766
4900 0.000504 0.000567 0.000460 0.000458 0.000540 0.000592 0.000773
5000 0.000516 0.000592 0.000477 0.000473 0.000546 0.000609 0.000815
5100 0.000528 0.000595 0.000479 0.000488 0.000560 0.000615 0.000831
5200 0.000537 0.000607 0.000495 0.000489 0.000572 0.000637 0.000851
5300 0.000548 0.000623 0.000503 0.000501 0.000582 0.000657 0.000859
5400 0.000562 0.000637 0.000511 0.000514 0.000593 0.000668 0.000886
5500 0.000572 0.000651 0.000524 0.000526 0.000609 0.000687 0.000913
5600 0.000580 0.000666 0.000535 0.000532 0.000624 0.000691 0.000951
5700 0.000599 0.000679 0.000543 0.000543 0.000633 0.000710 0.000946
5800 0.000625 0.000698 0.000565 0.000557 0.000640 0.000726 0.000960
5900 0.000619 0.000713 0.000570 0.000566 0.000659 0.000727 0.000986
6000 0.000630 0.000722 0.000582 0.000578 0.000667 0.000748 0.001007
6100 0.000642 0.000738 0.000585 0.000588 0.000683 0.000752 0.001026
6200 0.000658 0.000755 0.000599 0.000594 0.000690 0.000771 0.001041
6300 0.000673 0.000767 0.000610 0.000606 0.000702 0.000786 0.001067
6400 0.000671 0.000786 0.000619 0.000624 0.000714 0.000810 0.001086
6500 0.000695 0.000793 0.000637 0.000628 0.000739 0.000823 0.001104
6600 0.000702 0.000809 0.000639 0.000642 0.000742 0.000842 0.001064
6700 0.000714 0.000817 0.000658 0.000651 0.000751 0.000850 0.001150
6800 0.000729 0.000834 0.000662 0.000659 0.000771 0.000880 0.001190
6900 0.000746 0.000858 0.000678 0.000679 0.000779 0.000877 0.001207
7000 0.000748 0.000865 0.000681 0.000689 0.000794 0.000899 0.001204
7100 0.000760 0.000894 0.000698 0.000714 0.000808 0.000899 0.001147
7200 0.000774 0.000904 0.000702 0.000704 0.000816 0.000908 0.001160
7300 0.000789 0.000906 0.000716 0.000714 0.000828 0.000939 0.001262
7400 0.000800 0.000924 0.000725 0.000727 0.000839 0.000948 0.001284
7500 0.000816 0.000929 0.000732 0.000732 0.000859 0.000964 0.001065
7600 0.000821 0.000949 0.000747 0.000747 0.000869 0.000984 0.001309
7700 0.000828 0.000960 0.000762 0.000765 0.000880 0.000994 0.001350
7800 0.000843 0.000984 0.000766 0.000767 0.000897 0.001008 0.001388
7900 0.000847 0.000982 0.000780 0.000781 0.000922 0.001013 0.001409
8000 0.000865 0.000998 0.000787 0.000794 0.000923 0.001036 0.001412
8100 0.000872 0.001019 0.000801 0.000796 0.000925 0.001041 0.001414
8200 0.000887 0.001068 0.000815 0.000816 0.000941 0.001050 0.001678
8300 0.000909 0.001042 0.000823 0.000817 0.000948 0.001077 0.001697
8400 0.000903 0.001076 0.000843 0.000829 0.000966 0.001079 0.001803
8500 0.000934 0.001087 0.000851 0.000857 0.001000 0.001114 0.001747
8600 0.000936 0.001087 0.000852 0.000854 0.000994 0.001122 0.001772
8700 0.000936 0.001093 0.000866 0.000864 0.001005 0.001137 0.001823
8800 0.000954 0.001116 0.000879 0.000877 0.001025 0.001152 0.001828
8900 0.000962 0.001143 0.000886 0.000897 0.001036 0.001171 0.001837
9000 0.001002 0.001143 0.000895 0.000894 0.001045 0.001178 0.001855
9100 0.001017 0.001162 0.000909 0.000908 0.001058 0.001187 0.001884
9200 0.000998 0.001166 0.000921 0.000919 0.001061 0.001193 0.001937
9300 0.001009 0.001181 0.000928 0.000924 0.001078 0.001217 0.001970
9400 0.001029 0.001202 0.000942 0.000941 0.001085 0.001228 0.002029
9500 0.001049 0.001207 0.000949 0.000952 0.001102 0.001246 0.001994
9600 0.001048 0.001231 0.000964 0.000982 0.001131 0.001264 0.001998
9700 0.001055 0.001260 0.000976 0.000975 0.001128 0.001271 0.002039
9800 0.001077 0.001264 0.000988 0.000983 0.001141 0.001283 0.002062
9900 0.001089 0.001270 0.000996 0.000993 0.001162 0.001298 0.002089
10000 0.001104 0.001293 0.001011 0.001006 0.001174 0.001314 0.002109
10100 0.001113 0.001307 0.001033 0.001024 0.001179 0.001319 0.002126
10200 0.001120 0.001328 0.001030 0.001028 0.001200 0.001335 0.002161
10300 0.001142 0.001333 0.001043 0.001045 0.001205 0.001352 0.002198
10400 0.001148 0.001353 0.001053 0.001052 0.001224 0.001372 0.002244
10500 0.001159 0.001371 0.001072 0.001074 0.001233 0.001396 0.002225
10600 0.001174 0.001376 0.001077 0.001081 0.001255 0.001408 0.002243
10700 0.001180 0.001398 0.001086 0.001089 0.001283 0.001437 0.002275
10800 0.001199 0.001410 0.001098 0.001093 0.001273 0.001433 0.002297
10900 0.001217 0.001432 0.001105 0.001117 0.001285 0.001462 0.002325
11000 0.001227 0.001448 0.001121 0.001123 0.001297 0.001466 0.002365
11100 0.001230 0.001457 0.001132 0.001129 0.001311 0.001486 0.002377
11200 0.001238 0.001475 0.001145 0.001145 0.001322 0.001493 0.002406
11300 0.001260 0.001490 0.001152 0.001152 0.001343 0.001501 0.002369
11400 0.001274 0.001506 0.001169 0.001166 0.001361 0.001525 0.002471
11500 0.001291 0.001520 0.001175 0.001167 0.001357 0.001537 0.002544
11600 0.001297 0.001526 0.001186 0.001178 0.001367 0.001541 0.002350
11700 0.001304 0.001549 0.001195 0.001193 0.001380 0.001564 0.002526
11800 0.001320 0.001573 0.001203 0.001212 0.001396 0.001565 0.002534
11900 0.001336 0.001576 0.001218 0.001223 0.001415 0.001582 0.002186
12000 0.001350 0.001591 0.001239 0.001230 0.001421 0.001628 0.002593
12100 0.001355 0.001608 0.001244 0.001245 0.001441 0.001612 0.002583
12200 0.001368 0.001620 0.001260 0.001251 0.001451 0.001636 0.002626
12300 0.001379 0.001651 0.001263 0.001264 0.001470 0.001629 0.002680
12400 0.001393 0.001679 0.001271 0.001276 0.001478 0.001649 0.002736
12500 0.001406 0.001671 0.001280 0.001280 0.001501 0.001677 0.002809
12600 0.001426 0.001688 0.001298 0.001295 0.001496 0.001686 0.002730
12700 0.001422 0.001707 0.001310 0.001309 0.001512 0.001725 0.002733
12800 0.001429 0.001722 0.001318 0.001316 0.001529 0.001723 0.002774
12900 0.001463 0.001734 0.001337 0.001327 0.001539 0.001738 0.002848
13000 0.001463 0.001750 0.001347 0.001349 0.001559 0.001765 0.002833
13100 0.001482 0.001749 0.001357 0.001364 0.001591 0.001804 0.002860
13200 0.001506 0.001783 0.001368 0.001364 0.001589 0.001790 0.002867
13300 0.001505 0.001789 0.001377 0.001377 0.001587 0.001814 0.002940
13400 0.001520 0.001839 0.001396 0.001393 0.001603 0.001823 0.002857
13500 0.001564 0.001817 0.001395 0.001401 0.001616 0.001834 0.003023
13600 0.001566 0.001848 0.001408 0.001412 0.001630 0.001859 0.002971
13700 0.001590 0.001852 0.001437 0.001430 0.001648 0.001873 0.003042
13800 0.001626 0.001874 0.001449 0.001449 0.001681 0.001890 0.003192
13900 0.001615 0.001902 0.001452 0.001454 0.001671 0.001906 0.003041
14000 0.001632 0.001901 0.001465 0.001456 0.001699 0.001937 0.003078
14100 0.001629 0.001913 0.001477 0.001469 0.001703 0.001916 0.003092
14200 0.001643 0.001925 0.001483 0.001477 0.001715 0.001942 0.003110
14300 0.001659 0.001940 0.001496 0.001502 0.001734 0.001937 0.003154
14400 0.001684 0.001956 0.001498 0.001496 0.001739 0.001956 0.003228
14500 0.001684 0.001984 0.001518 0.001512 0.001764 0.002008 0.003317
14600 0.001696 0.001986 0.001532 0.001526 0.001774 0.002011 0.003266
14700 0.001718 0.002020 0.001541 0.001540 0.001798 0.002027 0.003235
14800 0.001720 0.002023 0.001554 0.001556 0.001789 0.002036 0.003268
14900 0.001742 0.002035 0.001583 0.001558 0.001813 0.002061 0.003307
15000 0.001758 0.002046 0.001570 0.001574 0.001824 0.002072 0.003325
15100 0.001765 0.002079 0.001578 0.001581 0.001827 0.002088 0.003362
15200 0.001793 0.002098 0.001597 0.001592 0.001844 0.002103 0.003335
15300 0.001775 0.002112 0.001608 0.001610 0.001859 0.002107 0.003451
15400 0.001863 0.002185 0.001634 0.001667 0.001962 0.002181 0.003570
15500 0.001875 0.002225 0.001699 0.001678 0.001927 0.002208 0.003671
15600 0.001833 0.002210 0.001644 0.001643 0.001904 0.002178 0.003562
15700 0.001829 0.002173 0.001699 0.001689 0.001951 0.002211 0.003553
15800 0.001886 0.002215 0.001687 0.001669 0.001940 0.002185 0.003552
15900 0.001851 0.002192 0.001676 0.001680 0.001946 0.002193 0.003542
16000 0.001868 0.002203 0.001697 0.001684 0.001955 0.002218 0.003445
16100 0.001881 0.002237 0.001705 0.001689 0.001969 0.002223 0.003629
16200 0.001900 0.002243 0.001714 0.001712 0.001970 0.002243 0.003663
16300 0.001931 0.002297 0.001746 0.001737 0.002015 0.002265 0.003684
16400 0.001923 0.002269 0.001743 0.001729 0.002021 0.002245 0.004749
16500 0.001956 0.002275 0.001753 0.001748 0.002018 0.002280 0.004857
16600 0.001966 0.002307 0.001762 0.001750 0.002030 0.002292 0.004771
16700 0.001955 0.002315 0.001766 0.001768 0.002042 0.002318 0.004750
16800 0.001985 0.002346 0.001782 0.001769 0.002065 0.002335 0.004975
16900 0.001979 0.002336 0.001797 0.001795 0.002074 0.002350 0.004775
17000 0.002023 0.002355 0.001814 0.001822 0.002117 0.002387 0.004801
17100 0.002061 0.002380 0.001813 0.001823 0.002113 0.002393 0.004867
17200 0.002072 0.002390 0.001828 0.001827 0.002120 0.002410 0.004872
17300 0.002062 0.002412 0.001843 0.001829 0.002132 0.002419 0.004893
17400 0.002056 0.002429 0.001848 0.001858 0.002154 0.002446 0.005243
17500 0.002081 0.002453 0.001868 0.001854 0.002162 0.002445 0.005293
17600 0.002108 0.002464 0.001874 0.001864 0.002168 0.002534 0.005098
17700 0.002114 0.002472 0.001884 0.001885 0.002192 0.002505 0.005183
17800 0.002104 0.002488 0.001890 0.001890 0.002207 0.002587 0.005136
17900 0.002123 0.002505 0.001922 0.001924 0.002226 0.002509 0.005153
18000 0.002133 0.002538 0.001950 0.001920 0.002237 0.002532 0.005130
18100 0.002158 0.002531 0.001933 0.001924 0.002232 0.002588 0.005204
18200 0.002158 0.002542 0.001964 0.001956 0.002260 0.002546 0.005206
18300 0.002173 0.002568 0.001976 0.001960 0.002267 0.002561 0.005248
18400 0.002195 0.002591 0.001973 0.001979 0.002305 0.002582 0.005463
18500 0.002250 0.002614 0.001996 0.001988 0.002308 0.002615 0.005271
18600 0.002240 0.002613 0.001993 0.002004 0.002336 0.002623 0.004930
18700 0.002250 0.002645 0.002018 0.002010 0.002320 0.002630 0.005467
18800 0.002278 0.002678 0.002018 0.002022 0.002335 0.002650 0.005195
18900 0.002281 0.002690 0.002032 0.002024 0.002354 0.002669 0.005516
19000 0.002287 0.002687 0.002042 0.002047 0.002356 0.002680 0.005472
19100 0.002312 0.002702 0.002081 0.002086 0.002380 0.002680 0.005509
19200 0.002293 0.002729 0.002075 0.002057 0.002397 0.002705 0.005497
19300 0.002313 0.002725 0.002081 0.002101 0.002401 0.002722 0.005561
19400 0.002350 0.002748 0.002093 0.002084 0.002418 0.002720 0.005642
19500 0.002329 0.002764 0.002105 0.002129 0.002433 0.002736 0.005769
19600 0.002360 0.002772 0.002101 0.002106 0.002425 0.002763 0.005846
19700 0.002362 0.002795 0.002125 0.002109 0.002443 0.002773 0.005485
19800 0.002395 0.002803 0.002124 0.002120 0.002458 0.002764 0.005721
19900 0.002380 0.002825 0.002138 0.002131 0.002466 0.002806 0.005768
