100 0.000001 0.000001 0.000010 0.000010 0.000000 0.000002 0.000001
200 0.000003 0.000006 0.000021 0.000020 0.000001 0.000007 0.000003
300 0.000005 0.000013 0.000030 0.000030 0.000002 0.000012 0.000007
400 0.000008 0.000020 0.000042 0.000042 0.000003 0.000018 0.000009
500 0.000011 0.000027 0.000055 0.000054 0.000006 0.000027 0.000015
600 0.000016 0.000036 0.000067 0.000067 0.000008 0.000035 0.000023
700 0.000020 0.000044 0.000080 0.000080 0.000012 0.000044 0.000030
800 0.000025 0.000055 0.000096 0.000092 0.000015 0.000054 0.000038
900 0.000030 0.000064 0.000104 0.000105 0.000019 0.000064 0.000043
1000 0.000034 0.000075 0.000117 0.000121 0.000023 0.000077 0.000058
1100 0.000046 0.000084 0.000129 0.000128 0.000026 0.000084 0.000085
1200 0.000052 0.000095 0.000141 0.000142 0.000030 0.000093 0.000097
1300 0.000059 0.000106 0.000158 0.000155 0.000034 0.000102 0.000108
1400 0.000067 0.000115 0.000172 0.000168 0.000037 0.000112 0.000119
1500 0.000078 0.000128 0.000188 0.000180 0.000041 0.000125 0.000148
1600 0.000086 0.000141 0.000193 0.000193 0.000046 0.000133 0.000155
1700 0.000091 0.000147 0.000207 0.000206 0.000049 0.000145 0.000157
1800 0.000100 0.000159 0.000225 0.000220 0.000053 0.000153 0.000136
1900 0.000111 0.000171 0.000236 0.000237 0.000057 0.000169 0.000187
2000 0.000114 0.000185 0.000253 0.000251 0.000065 0.000176 0.000203
2100 0.000125 0.000193 0.000261 0.000262 0.000066 0.000190 0.000282
2200 0.000142 0.000204 0.000272 0.000276 0.000070 0.000199 0.000309
2300 0.000156 0.000222 0.000300 0.000291 0.000074 0.000207 0.000323
2400 0.000161 0.000228 0.000298 0.000305 0.000078 0.000218 0.000350
2500 0.000172 0.000240 0.000314 0.000329 0.000082 0.000227 0.000355
2600 0.000178 0.000251 0.000327 0.000326 0.000087 0.000243 0.000368
2700 0.000193 0.000268 0.000340 0.000353 0.000092 0.000253 0.000391
2800 0.000198 0.000287 0.000354 0.000357 0.000096 0.000261 0.000412
2900 0.000228 0.000297 0.000372 0.000372 0.000100 0.000273 0.000420
3000 0.000217 0.000308 0.000385 0.000380 0.000105 0.000281 0.000424
3100 0.000228 0.000314 0.000398 0.000407 0.000111 0.000296 0.000460
3200 0.000235 0.000328 0.000414 0.000413 0.000114 0.000306 0.000471
3300 0.000246 0.000342 0.000422 0.000421 0.000118 0.000318 0.000496
3400 0.000287 0.000357 0.000435 0.000435 0.000123 0.000330 0.000504
3500 0.000263 0.000364 0.000455 0.000458 0.000128 0.000339 0.000530
3600 0.000271 0.000378 0.000468 0.000464 0.000132 0.000346 0.000540
3700 0.000286 0.000399 0.000481 0.000480 0.000142 0.000371 0.000572
3800 0.000297 0.000403 0.000490 0.000492 0.000141 0.000377 0.000594
3900 0.000300 0.000413 0.000503 0.000506 0.000146 0.000390 0.000558
4000 0.000305 0.000429 0.000518 0.000523 0.000154 0.000400 0.000616
4100 0.000314 0.000438 0.000538 0.000532 0.000156 0.000406 0.000772
4200 0.000325 0.000451 0.000545 0.000548 0.000161 0.000418 0.000771
4300 0.000347 0.000462 0.000574 0.000565 0.000166 0.000440 0.000808
4400 0.000358 0.000482 0.000579 0.000580 0.000171 0.000444 0.000834
4500 0.000365 0.000492 0.000586 0.000592 0.000176 0.000461 0.000564
4600 0.000377 0.000504 0.000604 0.000601 0.000184 0.000459 0.000866
4700 0.000386 0.000517 0.000621 0.000619 0.000194 0.000476 0.000916
4800 0.000391 0.000532 0.000633 0.000630 0.000190 0.000485 0.000933
4900 0.000403 0.000546 0.000645 0.000657 0.000196 0.000497 0.000816
5000 0.000414 0.000558 0.000663 0.000658 0.000202 0.000506 0.000968
5100 0.000422 0.000573 0.000674 0.000679 0.000206 0.000521 0.000991
5200 0.000433 0.000583 0.000700 0.000691 0.000211 0.000536 0.000926
5300 0.000446 0.000596 0.000705 0.000703 0.000221 0.000553 0.001022
5400 0.000452 0.000618 0.000720 0.000719 0.000222 0.000558 0.001063
5500 0.000462 0.000643 0.000731 0.000734 0.000231 0.000570 0.001085
5600 0.000470 0.000636 0.000744 0.000752 0.000232 0.000578 0.001102
5700 0.000486 0.000649 0.000777 0.000762 0.000237 0.000597 0.001122
5800 0.000494 0.000666 0.000777 0.000776 0.000243 0.000606 0.001131
5900 0.000503 0.000677 0.000786 0.000787 0.000251 0.000616 0.001166
6000 0.000520 0.000691 0.000805 0.000801 0.000253 0.000632 0.001207
6100 0.000522 0.000699 0.000819 0.000818 0.000258 0.000636 0.001193
6200 0.000532 0.000719 0.000833 0.000836 0.000264 0.000647 0.001227
6300 0.000543 0.000732 0.000847 0.000861 0.000269 0.000665 0.001254
6400 0.000556 0.000745 0.000867 0.000861 0.000274 0.000682 0.001266
6500 0.000568 0.000754 0.000876 0.000879 0.000279 0.000699 0.001300
6600 0.000573 0.000769 0.000889 0.000894 0.000284 0.000704 0.001302
6700 0.000584 0.000780 0.000909 0.000910 0.000289 0.000715 0.001295
6800 0.000590 0.000803 0.000922 0.000933 0.000296 0.000737 0.001385
6900 0.000599 0.000812 0.000933 0.000940 0.000301 0.000745 0.001441
7000 0.000622 0.000823 0.000950 0.000945 0.000310 0.000758 0.001435
7100 0.000624 0.000842 0.000964 0.000968 0.000315 0.000758 0.001462
7200 0.000640 0.000857 0.000984 0.000985 0.000322 0.000778 0.001492
7300 0.000639 0.000870 0.000998 0.000998 0.000330 0.000792 0.001454
7400 0.000650 0.000881 0.001001 0.001009 0.000332 0.000798 0.001533
7500 0.000661 0.000887 0.001022 0.001024 0.000340 0.000820 0.001518
7600 0.000663 0.000906 0.001050 0.001037 0.000338 0.000825 0.001568
7700 0.000673 0.000916 0.001048 0.001053 0.000345 0.000834 0.001593
7800 0.000687 0.000934 0.001061 0.001064 0.000353 0.000852 0.001616
7900 0.000696 0.000939 0.001084 0.001082 0.000359 0.000855 0.001646
8000 0.000701 0.000957 0.001098 0.001087 0.000361 0.000870 0.001678
8100 0.000716 0.000991 0.001109 0.001103 0.000367 0.000882 0.001658
8200 0.000721 0.000992 0.001121 0.001120 0.000375 0.000950 0.001677
8300 0.000734 0.001005 0.001136 0.001136 0.000377 0.000900 0.002037
8400 0.000741 0.001009 0.001151 0.001154 0.000392 0.000944 0.001873
8500 0.000763 0.001025 0.001168 0.001170 0.000398 0.000953 0.002135
8600 0.000782 0.001040 0.001183 0.001179 0.000394 0.000951 0.002090
8700 0.000767 0.001050 0.001208 0.001190 0.000405 0.000966 0.002127
8800 0.000790 0.001069 0.001212 0.001220 0.000406 0.000976 0.002186
8900 0.000811 0.001083 0.001233 0.001226 0.000418 0.000987 0.002189
9000 0.000815 0.001107 0.001256 0.001272 0.000419 0.000996 0.002212
9100 0.000825 0.001114 0.001258 0.001263 0.000468 0.001004 0.002234
9200 0.000838 0.001131 0.001263 0.001273 0.000428 0.001018 0.002285
9300 0.000848 0.001144 0.001282 0.001281 0.000434 0.001034 0.002165
9400 0.000848 0.001161 0.001300 0.001303 0.000440 0.001038 0.002377
9500 0.000863 0.001164 0.001317 0.001318 0.000450 0.001058 0.002382
9600 0.000866 0.001190 0.001328 0.001336 0.000454 0.001063 0.002370
9700 0.000881 0.001204 0.001346 0.001347 0.000460 0.001074 0.002417
9800 0.000891 0.001220 0.001363 0.001372 0.000464 0.001091 0.002435
9900 0.000906 0.001227 0.001380 0.001372 0.000478 0.001100 0.002461
10000 0.000903 0.001240 0.001389 0.001390 0.000480 0.001118 0.002488
10100 0.000921 0.001256 0.001418 0.001412 0.000488 0.001145 0.002551
10200 0.000928 0.001277 0.001410 0.001419 0.000486 0.001126 0.002446
10300 0.000941 0.001286 0.001427 0.001432 0.000497 0.001153 0.002616
10400 0.000952 0.001296 0.001455 0.001446 0.000499 0.001156 0.002433
10500 0.000955 0.001307 0.001468 0.001463 0.000506 0.001214 0.002650
10600 0.000977 0.001340 0.001483 0.001481 0.000515 0.001201 0.002671
10700 0.000979 0.001361 0.001510 0.001495 0.000516 0.001209 0.002741
10800 0.000997 0.001363 0.001511 0.001511 0.000526 0.001224 0.002734
10900 0.001014 0.001372 0.001521 0.001519 0.000528 0.001246 0.002764
11000 0.001018 0.001403 0.001542 0.001539 0.000536 0.001253 0.002802
11100 0.001033 0.001397 0.001552 0.001548 0.000545 0.001256 0.002831
11200 0.001043 0.001429 0.001565 0.001565 0.000551 0.001272 0.002826
11300 0.001059 0.001429 0.001585 0.001581 0.000556 0.001289 0.002864
11400 0.001061 0.001445 0.001606 0.001604 0.000560 0.001300 0.002954
11500 0.001067 0.001468 0.001622 0.001622 0.000563 0.001312 0.002981
11600 0.001080 0.001470 0.001643 0.001635 0.000568 0.001323 0.002928
11700 0.001088 0.001485 0.001636 0.001643 0.000578 0.001321 0.002973
11800 0.001104 0.001502 0.001653 0.001656 0.000585 0.001340 0.002974
11900 0.001109 0.001529 0.001679 0.001673 0.000588 0.001349 0.002990
12000 0.001122 0.001523 0.001687 0.001683 0.000593 0.001366 0.003086
12100 0.001131 0.001541 0.001703 0.001696 0.000599 0.001369 0.003067
12200 0.001142 0.001556 0.001718 0.001716 0.000607 0.001397 0.003109
12300 0.001148 0.001580 0.001733 0.001777 0.000613 0.001389 0.003158
12400 0.001163 0.001594 0.001751 0.001792 0.000621 0.001410 0.003254
12500 0.001170 0.001612 0.001767 0.001768 0.000631 0.001427 0.003311
12600 0.001195 0.001611 0.001771 0.001765 0.000635 0.001455 0.003204
12700 0.001196 0.001634 0.001789 0.001789 0.000640 0.001457 0.002920
12800 0.001196 0.001651 0.001808 0.001796 0.000646 0.001466 0.003291
12900 0.001227 0.001682 0.001824 0.001824 0.000649 0.001491 0.003247
13000 0.001257 0.001688 0.001840 0.001859 0.000662 0.001506 0.003352
13100 0.001234 0.001692 0.001845 0.001846 0.000664 0.001536 0.003409
13200 0.001251 0.001720 0.001865 0.001866 0.000679 0.001553 0.003403
13300 0.001252 0.001735 0.001869 0.001879 0.000675 0.001548 0.003425
13400 0.001294 0.001744 0.001896 0.001913 0.000678 0.001557 0.003471
13500 0.001313 0.001753 0.001917 0.001920 0.000689 0.001571 0.003547
13600 0.001304 0.001777 0.001921 0.001915 0.000690 0.001587 0.003522
13700 0.001348 0.001779 0.001951 0.001953 0.000698 0.001591 0.003518
13800 0.001345 0.001810 0.001958 0.001960 0.000705 0.001611 0.003637
13900 0.001375 0.001870 0.001979 0.001986 0.000713 0.001631 0.003600
14000 0.001393 0.001822 0.001996 0.001992 0.000719 0.001629 0.003621
14100 0.001373 0.001848 0.001998 0.002000 0.000729 0.001639 0.003620
14200 0.001388 0.001858 0.002020 0.002024 0.000739 0.001649 0.003685
14300 0.001397 0.001884 0.002041 0.002045 0.000734 0.001657 0.003694
14400 0.001415 0.001890 0.002051 0.002055 0.000741 0.001678 0.003801
14500 0.001426 0.001896 0.002063 0.002060 0.000751 0.001693 0.003874
14600 0.001429 0.001910 0.002088 0.002077 0.000764 0.001703 0.003923
14700 0.001436 0.001928 0.002121 0.002108 0.000759 0.001733 0.003826
14800 0.001445 0.001946 0.002109 0.002106 0.000767 0.001745 0.003886
14900 0.001456 0.001974 0.002123 0.002123 0.000772 0.001760 0.003898
15000 0.001467 0.001986 0.002148 0.002157 0.000784 0.001772 0.003972
15100 0.001484 0.001998 0.002176 0.002154 0.000792 0.001782 0.003965
15200 0.001498 0.002022 0.002187 0.002178 0.000792 0.001797 0.003984
15300 0.001495 0.002016 0.002222 0.002181 0.000807 0.001805 0.003986
15400 0.001553 0.002091 0.002243 0.002248 0.000857 0.001892 0.004271
15500 0.001574 0.002134 0.002319 0.002289 0.000837 0.001892 0.004217
15600 0.001565 0.002114 0.002254 0.002241 0.000821 0.001850 0.004300
15700 0.001536 0.002087 0.002270 0.002308 0.000840 0.001893 0.004285
15800 0.001569 0.002119 0.002295 0.002294 0.000833 0.001881 0.004196
15900 0.001556 0.002119 0.002277 0.002289 0.000834 0.001881 0.004182
16000 0.001576 0.002123 0.002291 0.002295 0.000846 0.001891 0.004157
16100 0.001578 0.002129 0.002303 0.002300 0.000851 0.001905 0.004292
16200 0.001595 0.002143 0.002328 0.002313 0.000864 0.001919 0.004286
16300 0.001636 0.002191 0.002383 0.002366 0.000889 0.001929 0.004328
16400 0.001616 0.002183 0.002349 0.002360 0.000873 0.001931 0.005423
16500 0.001645 0.002207 0.002366 0.002371 0.000878 0.001949 0.005572
16600 0.001646 0.002222 0.002397 0.002388 0.000891 0.001968 0.005462
16700 0.001647 0.002224 0.002397 0.002398 0.000894 0.001983 0.005453
16800 0.001671 0.002251 0.002414 0.002410 0.000896 0.002001 0.005498
16900 0.001674 0.002264 0.002439 0.002424 0.000899 0.002030 0.005456
17000 0.001699 0.002276 0.002458 0.002525 0.000914 0.002040 0.005534
17100 0.001724 0.002309 0.002463 0.002484 0.000918 0.002044 0.005519
17200 0.001744 0.002309 0.002473 0.002476 0.000921 0.002078 0.005563
17300 0.001739 0.002316 0.002488 0.002502 0.000929 0.002081 0.005463
17400 0.001730 0.002332 0.002509 0.002515 0.000945 0.002105 0.005897
17500 0.001759 0.002368 0.002538 0.002534 0.000951 0.002109 0.005990
17600 0.001791 0.002382 0.002560 0.002539 0.000953 0.002190 0.005873
17700 0.001779 0.002383 0.002555 0.002561 0.000966 0.002152 0.005791
17800 0.001787 0.002396 0.002570 0.002567 0.000962 0.002206 0.005902
17900 0.001798 0.002423 0.002604 0.002605 0.000977 0.002161 0.005903
18000 0.001820 0.002430 0.002635 0.002607 0.000981 0.002191 0.005915
18100 0.001819 0.002441 0.002610 0.002618 0.000981 0.002194 0.005969
18200 0.001827 0.002453 0.002667 0.002640 0.001000 0.002180 0.005808
18300 0.001862 0.002508 0.002667 0.002668 0.000993 0.002198 0.005993
18400 0.001860 0.002497 0.002689 0.002695 0.001005 0.002237 0.006222
18500 0.001902 0.002530 0.002701 0.002698 0.001011 0.002222 0.006227
18600 0.001887 0.002530 0.002725 0.002728 0.001014 0.002243 0.005873
18700 0.001901 0.002563 0.002733 0.002740 0.001022 0.002255 0.006405
18800 0.001917 0.002583 0.002732 0.002726 0.001026 0.002277 0.006219
18900 0.001915 0.002605 0.002745 0.002748 0.001043 0.002308 0.006226
19000 0.001929 0.002596 0.002751 0.002781 0.001038 0.002317 0.006258
19100 0.001944 0.002633 0.002832 0.002799 0.001052 0.002330 0.006293
19200 0.001949 0.002647 0.002793 0.002789 0.001051 0.002318 0.006313
19300 0.001955 0.002635 0.002839 0.002809 0.001059 0.002341 0.006400
19400 0.001982 0.002674 0.002833 0.002814 0.001064 0.002336 0.006422
19500 0.001978 0.002669 0.002882 0.002845 0.001072 0.002340 0.006527
19600 0.001990 0.002678 0.002850 0.002859 0.001091 0.002384 0.006656
19700 0.002009 0.002712 0.002870 0.002875 0.001087 0.002393 0.006533
19800 0.002016 0.002709 0.002886 0.002885 0.001097 0.002390 0.006585
19900 0.002022 0.002718 0.002898 0.002898 0.001098 0.002395 0.006630
