100 0.000002 0.000001 0.000000
1100 0.000029 0.000003 0.000002
2100 0.000059 0.000005 0.000003
3100 0.000087 0.000007 0.000004
4100 0.000116 0.000011 0.000005
5100 0.000147 0.000013 0.000006
6100 0.000180 0.000015 0.000009
7100 0.000220 0.000017 0.000008
8100 0.000386 0.000020 0.000009
9100 0.000285 0.000021 0.000010
10100 0.000319 0.000024 0.000011
11100 0.000353 0.000029 0.000012
12100 0.000382 0.000028 0.000013
13100 0.000414 0.000030 0.000015
14100 0.000450 0.000033 0.000015
15100 0.000490 0.000037 0.000017
16100 0.000520 0.000040 0.000017
17100 0.000600 0.000044 0.000020
18100 0.000576 0.000043 0.000019
19100 0.000617 0.000056 0.000026
20100 0.000689 0.000050 0.000023
21100 0.000692 0.000053 0.000025
22100 0.000710 0.000053 0.000026
23100 0.000758 0.000056 0.000031
24100 0.000786 0.000056 0.000027
25100 0.000853 0.000058 0.000027
26100 0.000861 0.000072 0.000031
27100 0.000901 0.000076 0.000031
28100 0.000923 0.000068 0.000032
29100 0.000990 0.000074 0.000031
30100 0.000993 0.000075 0.000034
31100 0.001023 0.000074 0.000035
32100 0.001110 0.000082 0.000038
33100 0.001124 0.000078 0.000035
34100 0.001150 0.000080 0.000042
35100 0.001363 0.000081 0.000038
36100 0.001208 0.000085 0.000041
37100 0.001264 0.000097 0.000045
38100 0.001323 0.000088 0.000043
39100 0.001335 0.000092 0.000043
40100 0.001332 0.000094 0.000043
41100 0.001397 0.000095 0.000043
42100 0.001442 0.000099 0.000047
43100 0.001499 0.000102 0.000046
44100 0.001482 0.000102 0.000047
45100 0.001539 0.000106 0.000048
46100 0.001594 0.000107 0.000049
47100 0.001655 0.000110 0.000050
48100 0.001644 0.000112 0.000052
49100 0.001685 0.000115 0.000053
50100 0.001782 0.000116 0.000053
51100 0.001800 0.000119 0.000062
52100 0.001830 0.000122 0.000056
53100 0.001865 0.000125 0.000057
54100 0.001863 0.000126 0.000064
55100 0.001884 0.000128 0.000059
56100 0.001942 0.000131 0.000059
57100 0.001949 0.000133 0.000061
58100 0.001991 0.000136 0.000063
59100 0.002010 0.000140 0.000062
60100 0.002050 0.000139 0.000063
61100 0.002087 0.000144 0.000065
62100 0.002138 0.000147 0.000065
63100 0.002135 0.000147 0.000067
64100 0.002195 0.000149 0.000068
65100 0.002225 0.000155 0.000069
66100 0.002242 0.000153 0.000069
67100 0.002294 0.000156 0.000070
68100 0.002306 0.000159 0.000071
69100 0.002352 0.000161 0.000074
70100 0.002396 0.000176 0.000073
71100 0.002437 0.000182 0.000080
72100 0.002462 0.000167 0.000076
73100 0.002496 0.000170 0.000075
74100 0.002604 0.000170 0.000078
75100 0.002589 0.000175 0.000080
76100 0.002602 0.000176 0.000080
77100 0.002654 0.000178 0.000080
78100 0.002712 0.000183 0.000080
79100 0.002711 0.000183 0.000084
80100 0.002773 0.000185 0.000082
81100 0.002785 0.000190 0.000085
82100 0.002850 0.000194 0.000085
83100 0.002864 0.000199 0.000088
84100 0.002901 0.000203 0.000089
85100 0.002984 0.000199 0.000089
86100 0.003131 0.000204 0.000091
87100 0.003031 0.000206 0.000103
88100 0.003032 0.000202 0.000091
89100 0.003105 0.000208 0.000094
90100 0.003135 0.000211 0.000097
91100 0.003160 0.000211 0.000098
92100 0.003219 0.000213 0.000097
93100 0.003216 0.000219 0.000098
94100 0.003438 0.000223 0.000101
95100 0.003315 0.000221 0.000102
96100 0.003366 0.000225 0.000100
97100 0.003416 0.000225 0.000103
98100 0.003449 0.000227 0.000103
99100 0.003465 0.000234 0.000107
100100 0.003479 0.000232 0.000105
101100 0.003706 0.000234 0.000105
102100 0.003570 0.000236 0.000107
103100 0.003646 0.000237 0.000107
104100 0.003624 0.000242 0.000109
105100 0.003710 0.000280 0.000125
106100 0.003769 0.000244 0.000111
107100 0.003796 0.000248 0.000111
108100 0.003834 0.000249 0.000121
109100 0.003860 0.000256 0.000118
110100 0.003883 0.000255 0.000113
111100 0.003898 0.000255 0.000118
112100 0.003998 0.000260 0.000118
113100 0.004022 0.000287 0.000141
114100 0.004189 0.000272 0.000117
115100 0.004112 0.000275 0.000122
116100 0.004261 0.000282 0.000121
117100 0.004245 0.000272 0.000122
118100 0.004183 0.000277 0.000123
119100 0.004237 0.000276 0.000124
120100 0.004221 0.000279 0.000124
121100 0.004278 0.000280 0.000126
122100 0.004459 0.000284 0.000128
123100 0.004361 0.000287 0.000130
124100 0.004345 0.000287 0.000130
125100 0.004556 0.000389 0.000131
126100 0.004461 0.000293 0.000131
127100 0.004499 0.000296 0.000134
128100 0.004597 0.000294 0.000133
129100 0.004615 0.000306 0.000136
130100 0.004846 0.000302 0.000136
131100 0.004636 0.000303 0.000139
132100 0.004763 0.000309 0.000142
133100 0.004830 0.000309 0.000141
134100 0.004741 0.000309 0.000140
135100 0.004934 0.000313 0.000142
136100 0.007075 0.000396 0.000172
137100 0.004928 0.000321 0.000143
138100 0.005192 0.000326 0.000176
139100 0.005012 0.000333 0.000153
140100 0.005058 0.000327 0.000147
141100 0.005423 0.000356 0.000159
142100 0.005157 0.000327 0.000157
143100 0.005229 0.000333 0.000150
144100 0.005190 0.000337 0.000153
145100 0.005337 0.000356 0.000159
146100 0.005211 0.000340 0.000158
147100 0.005386 0.000340 0.000153
148100 0.005338 0.000342 0.000157
149100 0.005377 0.000344 0.000155
150100 0.005412 0.000349 0.000159
151100 0.005420 0.000367 0.000164
152100 0.005548 0.000353 0.000158
153100 0.005654 0.000360 0.000165
154100 0.005713 0.000356 0.000161
155100 0.005631 0.000360 0.000161
156100 0.005695 0.000362 0.000159
157100 0.005764 0.000374 0.000169
158100 0.005862 0.000367 0.000176
159100 0.005758 0.000382 0.000166
160100 0.005800 0.000384 0.000167
161100 0.005839 0.000378 0.000165
162100 0.005886 0.000500 0.000168
163100 0.006006 0.000379 0.000169
164100 0.005973 0.000380 0.000294
165100 0.006079 0.000380 0.000179
166100 0.006075 0.000836 0.000176
167100 0.006092 0.000395 0.000173
168100 0.006365 0.000522 0.000179
169100 0.006160 0.000394 0.000186
170100 0.006616 0.000424 0.000179
171100 0.006189 0.000406 0.000177
172100 0.006774 0.000406 0.000188
173100 0.006255 0.000408 0.000189
174100 0.006302 0.000424 0.000186
175100 0.006338 0.000411 0.000181
176100 0.006543 0.000424 0.000190
177100 0.006425 0.000425 0.000187
178100 0.006445 0.000416 0.000187
179100 0.006451 0.000416 0.000188
180100 0.006716 0.000419 0.000190
181100 0.006559 0.000427 0.000188
182100 0.006812 0.000421 0.000196
183100 0.006646 0.000445 0.000230
184100 0.006708 0.000447 0.000195
185100 0.006997 0.000450 0.000193
186100 0.006841 0.000435 0.000193
187100 0.006889 0.000432 0.000195
188100 0.006929 0.000436 0.000194
189100 0.007246 0.000435 0.000197
190100 0.007025 0.000442 0.000200
191100 0.006966 0.000445 0.000199
192100 0.007264 0.000444 0.000200
193100 0.007052 0.000446 0.000201
194100 0.007434 0.000459 0.000203
195100 0.007082 0.000460 0.000214
196100 0.007250 0.000471 0.000202
197100 0.007234 0.000474 0.000213
198100 0.007233 0.000474 0.000214
199100 0.007408 0.000466 0.000207
200100 0.007229 0.000465 0.000206
201100 0.007391 0.000464 0.000208
202100 0.007496 0.000469 0.000210
203100 0.007350 0.000468 0.000212
204100 0.007439 0.000472 0.000211
205100 0.007506 0.000470 0.000214
206100 0.007514 0.000476 0.000214
207100 0.007800 0.000481 0.000214
208100 0.007626 0.000482 0.000219
209100 0.007741 0.000484 0.000220
210100 0.007698 0.000490 0.000217
211100 0.007726 0.000486 0.000220
212100 0.007923 0.000487 0.000220
213100 0.007783 0.000492 0.000222
214100 0.007855 0.000493 0.000219
215100 0.007962 0.000495 0.000223
216100 0.008076 0.000499 0.000223
217100 0.007921 0.000531 0.000227
218100 0.008096 0.000501 0.000228
219100 0.008014 0.000508 0.000227
220100 0.008061 0.000508 0.000239
221100 0.008219 0.000515 0.000239
222100 0.008110 0.000512 0.000233
223100 0.008228 0.000512 0.000240
224100 0.008354 0.000519 0.000234
225100 0.008267 0.000516 0.000236
226100 0.008362 0.000527 0.000242
227100 0.008423 0.000524 0.000235
228100 0.008386 0.000529 0.000238
229100 0.008567 0.000525 0.000254
230100 0.008869 0.000541 0.000244
231100 0.008582 0.000544 0.000246
232100 0.009087 0.000629 0.000261
233100 0.008916 0.000581 0.000281
234100 0.008783 0.000545 0.000248
235100 0.008729 0.000546 0.000265
236100 0.008810 0.000556 0.000248
237100 0.009077 0.000551 0.000252
238100 0.009042 0.000581 0.000275
239100 0.008889 0.000561 0.000252
240100 0.009308 0.000556 0.000254
241100 0.009292 0.000559 0.000253
242100 0.009209 0.000574 0.000257
243100 0.009040 0.000688 0.000257
244100 0.009225 0.000566 0.000254
245100 0.009182 0.000578 0.000262
246100 0.009291 0.000646 0.000278
247100 0.009610 0.000596 0.000262
248100 0.009266 0.000586 0.000274
249100 0.009332 0.000572 0.000260
250100 0.009414 0.000587 0.000264
251100 0.009544 0.000580 0.000264
252100 0.009446 0.000581 0.000263
253100 0.010262 0.000592 0.000291
254100 0.009512 0.000589 0.000277
255100 0.009635 0.000600 0.000276
256100 0.010028 0.000591 0.000267
257100 0.009494 0.000722 0.000270
258100 0.009587 0.000608 0.000362
259100 0.009943 0.000614 0.000270
260100 0.010002 0.000601 0.000270
261100 0.010083 0.000605 0.000283
262100 0.009829 0.000609 0.000278
263100 0.009802 0.000609 0.000273
264100 0.010024 0.000633 0.000281
265100 0.010197 0.000615 0.000279
266100 0.010192 0.000688 0.000292
267100 0.010229 0.000618 0.000280
268100 0.010070 0.000631 0.000285
269100 0.010039 0.000617 0.000280
270100 0.010330 0.000628 0.000289
271100 0.010460 0.000627 0.000289
272100 0.011039 0.000701 0.000292
273100 0.010682 0.000639 0.000293
274100 0.010521 0.000747 0.000287
275100 0.010669 0.000665 0.000290
276100 0.010586 0.000641 0.000285
277100 0.010725 0.000659 0.000295
278100 0.010381 0.000635 0.000288
279100 0.010767 0.000660 0.000305
280100 0.010830 0.000679 0.000293
281100 0.011254 0.000729 0.000309
282100 0.010926 0.000716 0.000292
283100 0.010947 0.000658 0.000296
284100 0.011252 0.000668 0.000323
285100 0.011141 0.000670 0.000309
286100 0.010934 0.000676 0.000299
287100 0.010893 0.000667 0.000302
288100 0.010906 0.000670 0.000299
289100 0.010963 0.000683 0.000311
290100 0.010990 0.000668 0.000304
291100 0.010868 0.000673 0.000302
292100 0.011157 0.000684 0.000311
293100 0.011402 0.000690 0.000305
294100 0.011131 0.000692 0.000322
295100 0.011271 0.000693 0.000319
296100 0.012425 0.000772 0.000392
297100 0.011313 0.000686 0.000310
298100 0.011462 0.000691 0.000312
299100 0.011527 0.000705 0.000310
300100 0.011735 0.000871 0.000363
301100 0.011379 0.000708 0.000327
302100 0.011242 0.000705 0.000311
303100 0.012002 0.000715 0.000333
304100 0.011513 0.000708 0.000332
305100 0.011631 0.000706 0.000320
306100 0.011515 0.000719 0.000315
307100 0.011536 0.000704 0.000321
308100 0.011552 0.000706 0.000322
309100 0.011832 0.000718 0.000327
310100 0.011661 0.000721 0.000341
311100 0.011667 0.000716 0.000352
312100 0.011796 0.000718 0.000322
313100 0.011808 0.000715 0.000328
314100 0.011969 0.000728 0.000332
315100 0.011847 0.000745 0.000342
316100 0.011963 0.000757 0.000342
317100 0.012060 0.000727 0.000324
318100 0.012176 0.000730 0.000325
319100 0.012178 0.000735 0.000323
320100 0.012099 0.000736 0.000336
321100 0.012158 0.000747 0.000339
322100 0.012234 0.000789 0.000336
323100 0.012204 0.000778 0.000342
324100 0.012346 0.000779 0.000341
325100 0.012189 0.000752 0.000343
326100 0.012364 0.000764 0.000350
327100 0.012333 0.000751 0.000357
328100 0.012472 0.000752 0.000339
329100 0.012366 0.000755 0.000342
330100 0.012471 0.000753 0.000346
331100 0.012643 0.000766 0.000343
332100 0.012962 0.000757 0.000344
333100 0.012725 0.000815 0.000367
334100 0.013448 0.000872 0.000374
335100 0.013933 0.000772 0.000358
336100 0.012611 0.000764 0.000350
337100 0.012810 0.000775 0.000350
338100 0.012797 0.000786 0.000364
339100 0.013001 0.000786 0.000356
340100 0.012785 0.000776 0.000353
341100 0.012831 0.000785 0.000355
342100 0.012861 0.000790 0.000354
343100 0.012991 0.000805 0.000359
344100 0.012902 0.000791 0.000369
345100 0.013000 0.001028 0.000363
346100 0.013079 0.000795 0.000360
347100 0.012907 0.000797 0.000360
348100 0.013613 0.000861 0.000396
349100 0.013571 0.000878 0.000383
350100 0.013463 0.000883 0.000398
351100 0.013593 0.000815 0.000369
352100 0.013647 0.000803 0.000369
353100 0.013259 0.000816 0.000366
354100 0.013624 0.000815 0.000371
355100 0.013595 0.000812 0.000370
356100 0.013696 0.000835 0.000371
357100 0.013687 0.000831 0.000389
358100 0.013648 0.000821 0.000371
359100 0.013571 0.000823 0.000374
360100 0.013790 0.000965 0.000394
361100 0.013687 0.000845 0.000376
362100 0.013812 0.000837 0.000394
363100 0.013935 0.000859 0.000384
364100 0.014258 0.000849 0.000385
365100 0.014027 0.000930 0.000393
366100 0.014131 0.000840 0.000381
367100 0.016487 0.000922 0.000411
368100 0.013974 0.000862 0.000390
369100 0.014237 0.000866 0.000386
370100 0.014865 0.000861 0.000388
371100 0.014869 0.000883 0.000385
372100 0.014420 0.000884 0.000384
373100 0.014384 0.000885 0.000395
374100 0.014216 0.000912 0.000398
375100 0.014749 0.000875 0.000398
376100 0.014430 0.000864 0.000398
377100 0.014558 0.000887 0.000406
378100 0.014655 0.000882 0.000394
379100 0.015260 0.000909 0.000399
380100 0.014809 0.000954 0.000442
381100 0.014798 0.000921 0.000421
382100 0.015162 0.001196 0.000461
383100 0.015398 0.000965 0.000450
384100 0.015388 0.000965 0.000441
385100 0.014966 0.000904 0.000404
386100 0.015267 0.000960 0.000445
387100 0.015062 0.000929 0.000449
388100 0.015017 0.000921 0.000419
389100 0.015563 0.001208 0.000466
390100 0.015079 0.000911 0.000409
391100 0.015215 0.000948 0.000415
392100 0.015377 0.000902 0.000413
393100 0.015116 0.000932 0.000426
394100 0.015222 0.000912 0.000411
395100 0.015212 0.000917 0.000413
396100 0.017946 0.000971 0.000473
397100 0.018009 0.000938 0.000442
398100 0.015447 0.000915 0.000416
399100 0.015839 0.000921 0.000415
400100 0.015442 0.000965 0.000422
401100 0.016013 0.000923 0.000428
402100 0.015541 0.000944 0.000450
403100 0.018949 0.001200 0.000527
404100 0.022504 0.001446 0.000697
405100 0.019037 0.000943 0.000433
406100 0.018397 0.001321 0.000668
407100 0.017091 0.001058 0.000428
408100 0.017226 0.001039 0.000507
409100 0.016259 0.000995 0.000430
410100 0.016370 0.000954 0.000446
411100 0.015902 0.000964 0.000447
412100 0.015909 0.001086 0.000428
413100 0.016647 0.000959 0.000452
414100 0.015879 0.000981 0.000448
415100 0.016068 0.000985 0.000442
416100 0.016429 0.000977 0.000448
417100 0.016647 0.001000 0.000444
418100 0.016293 0.000989 0.000457
419100 0.018917 0.001001 0.000479
420100 0.016457 0.001224 0.000712
421100 0.018097 0.000995 0.000449
422100 0.016186 0.000970 0.000443
423100 0.017916 0.001009 0.000474
424100 0.016562 0.000979 0.000443
425100 0.018576 0.000988 0.000450
426100 0.016561 0.001002 0.000456
427100 0.016873 0.001216 0.000500
428100 0.017268 0.000997 0.000451
429100 0.016608 0.001018 0.000506
430100 0.016642 0.000992 0.000450
431100 0.016685 0.001043 0.000470
432100 0.016914 0.001003 0.000450
433100 0.016943 0.001025 0.000468
434100 0.018155 0.001304 0.000666
435100 0.018170 0.001085 0.000463
436100 0.016885 0.001037 0.000460
437100 0.016737 0.001015 0.000473
438100 0.017230 0.001019 0.000460
439100 0.017081 0.001075 0.000466
440100 0.017670 0.001350 0.000545
441100 0.019480 0.001848 0.000748
442100 0.018119 0.001032 0.000486
443100 0.017190 0.001027 0.000465
444100 0.020860 0.001150 0.000506
445100 0.018237 0.001032 0.000471
446100 0.019674 0.001070 0.000497
447100 0.019864 0.001774 0.000619
448100 0.017758 0.001049 0.000475
449100 0.017382 0.001074 0.000504
450100 0.017369 0.001037 0.000471
451100 0.018054 0.001061 0.000471
452100 0.018276 0.001059 0.000488
453100 0.017926 0.001067 0.000492
454100 0.017351 0.001187 0.000493
455100 0.017863 0.001063 0.000506
456100 0.017863 0.001052 0.000473
457100 0.018084 0.001101 0.000489
458100 0.021738 0.001284 0.000576
459100 0.020491 0.001102 0.000578
460100 0.018348 0.001109 0.000501
461100 0.018397 0.001096 0.000516
462100 0.018040 0.001125 0.000517
463100 0.018688 0.001375 0.000505
464100 0.018092 0.001098 0.000710
465100 0.018113 0.001069 0.000489
466100 0.018366 0.001074 0.000485
467100 0.018089 0.001093 0.000495
468100 0.018317 0.001102 0.000523
469100 0.018510 0.001091 0.000493
470100 0.018452 0.001146 0.000497
471100 0.018740 0.001136 0.000498
472100 0.018504 0.001091 0.000512
473100 0.018503 0.001117 0.000517
474100 0.018917 0.001180 0.000519
475100 0.019059 0.001117 0.000509
476100 0.018372 0.001095 0.000501
477100 0.019231 0.001131 0.000514
478100 0.019576 0.001153 0.000548
479100 0.018861 0.001164 0.000510
480100 0.018600 0.001099 0.000503
481100 0.021864 0.001460 0.000639
482100 0.019012 0.001146 0.000505
483100 0.019357 0.001163 0.000535
484100 0.018848 0.001137 0.000524
485100 0.018962 0.001427 0.000644
486100 0.019828 0.001150 0.000531
487100 0.019328 0.001130 0.000519
488100 0.019014 0.001129 0.000564
489100 0.019400 0.001690 0.000708
490100 0.019705 0.001210 0.000561
491100 0.019079 0.001132 0.000521
492100 0.019341 0.001164 0.000523
493100 0.019326 0.001178 0.000518
494100 0.019710 0.001161 0.000520
495100 0.019808 0.001197 0.000667
496100 0.019300 0.001192 0.000541
497100 0.019557 0.001144 0.000531
498100 0.019705 0.001173 0.000525
499100 0.019316 0.001176 0.000530
500100 0.019699 0.001177 0.000527
501100 0.019902 0.001167 0.000529
502100 0.019942 0.001189 0.000552
503100 0.019809 0.001203 0.000544
504100 0.019664 0.001165 0.000527
505100 0.020076 0.001174 0.000532
506100 0.020064 0.001232 0.000545
507100 0.019788 0.001172 0.000533
508100 0.019842 0.001206 0.000538
509100 0.020016 0.001226 0.000546
510100 0.019949 0.001219 0.000544
511100 0.020008 0.001195 0.000541
512100 0.020209 0.001216 0.000556
513100 0.020110 0.001219 0.000540
514100 0.019977 0.001202 0.000547
515100 0.020086 0.001229 0.000604
516100 0.020594 0.001261 0.000552
517100 0.020178 0.001213 0.000546
518100 0.020124 0.001249 0.000543
519100 0.020870 0.001212 0.000550
520100 0.020355 0.001358 0.000551
521100 0.020582 0.001276 0.000602
522100 0.022554 0.001215 0.000551
523100 0.020296 0.001204 0.000573
524100 0.020375 0.001213 0.000553
525100 0.020809 0.001232 0.000553
526100 0.020924 0.002035 0.000746
527100 0.021111 0.001292 0.000566
528100 0.020963 0.001276 0.000562
529100 0.020694 0.001440 0.000566
530100 0.021027 0.001309 0.000575
531100 0.021153 0.001245 0.000563
532100 0.021030 0.001245 0.000560
533100 0.021293 0.001450 0.000561
534100 0.021198 0.001289 0.000572
535100 0.022463 0.001252 0.000615
536100 0.023094 0.001379 0.000623
537100 0.023292 0.001546 0.000605
538100 0.021206 0.001260 0.000566
539100 0.023583 0.002260 0.000890
540100 0.024230 0.001657 0.000743
541100 0.024117 0.001340 0.000587
542100 0.021314 0.001258 0.000575
543100 0.021040 0.001271 0.000596
544100 0.021586 0.001298 0.000584
545100 0.021312 0.001259 0.000569
546100 0.023794 0.002344 0.001210
547100 0.025306 0.001281 0.000582
548100 0.021456 0.001274 0.000581
549100 0.021772 0.001308 0.000594
550100 0.021612 0.001504 0.000593
551100 0.023610 0.001410 0.000605
552100 0.021794 0.001343 0.000665
553100 0.021980 0.001370 0.000621
554100 0.022173 0.001310 0.000609
555100 0.022067 0.001338 0.000597
556100 0.021967 0.001325 0.000594
557100 0.021993 0.001333 0.000597
558100 0.022111 0.001312 0.000604
559100 0.021804 0.001340 0.000594
560100 0.021657 0.001308 0.000620
561100 0.022359 0.001342 0.000728
562100 0.022075 0.001322 0.000588
563100 0.022020 0.001348 0.000613
564100 0.022049 0.001342 0.000595
565100 0.022128 0.001302 0.000607
566100 0.022272 0.001338 0.000598
567100 0.021968 0.001325 0.000623
568100 0.022167 0.001333 0.000598
569100 0.022298 0.001339 0.000619
570100 0.022317 0.001324 0.000603
571100 0.022514 0.001378 0.000613
572100 0.022669 0.001326 0.000615
573100 0.022308 0.001372 0.000621
574100 0.022839 0.001328 0.000596
575100 0.022449 0.001380 0.000605
576100 0.022527 0.001439 0.000613
577100 0.022589 0.001368 0.000632
578100 0.022322 0.001334 0.000605
579100 0.022550 0.001350 0.000618
580100 0.022560 0.001341 0.000610
581100 0.022364 0.001351 0.000619
582100 0.022563 0.001380 0.000619
583100 0.022738 0.001345 0.000625
584100 0.022685 0.001359 0.000605
585100 0.022840 0.001354 0.000621
586100 0.022854 0.001370 0.000615
587100 0.022714 0.001375 0.000612
588100 0.022731 0.001377 0.000751
589100 0.022856 0.001368 0.000629
590100 0.022879 0.001366 0.000619
591100 0.022966 0.001387 0.000630
592100 0.023064 0.001372 0.000622
593100 0.023428 0.001370 0.000627
594100 0.023161 0.001377 0.000644
595100 0.023034 0.001420 0.000633
596100 0.022936 0.001404 0.000643
597100 0.023143 0.001389 0.000649
598100 0.023218 0.001384 0.000637
599100 0.023220 0.001385 0.000620
600100 0.023375 0.001389 0.000635
601100 0.028486 0.001519 0.000805
602100 0.027433 0.001922 0.000712
603100 0.023927 0.001417 0.000643
604100 0.027806 0.001787 0.000728
605100 0.023545 0.001470 0.000642
606100 0.024082 0.001452 0.000690
607100 0.024036 0.001482 0.000650
608100 0.023930 0.001434 0.000648
609100 0.024608 0.001560 0.000683
610100 0.024076 0.001413 0.000632
611100 0.023894 0.001462 0.001086
612100 0.024877 0.001721 0.000681
613100 0.026534 0.001502 0.000878
614100 0.024627 0.001476 0.000676
615100 0.024905 0.001504 0.000684
616100 0.024593 0.001456 0.000644
617100 0.025173 0.001461 0.000647
618100 0.024999 0.001449 0.000656
619100 0.024392 0.001520 0.000747
620100 0.024974 0.001704 0.000665
621100 0.024504 0.001499 0.000678
622100 0.024820 0.001463 0.000658
623100 0.024951 0.001489 0.000805
624100 0.025067 0.001503 0.000660
625100 0.024961 0.001469 0.000663
626100 0.024990 0.001456 0.000671
627100 0.024965 0.001492 0.000670
628100 0.024609 0.001494 0.000661
629100 0.024762 0.001525 0.000688
630100 0.024727 0.001490 0.000661
631100 0.026115 0.001503 0.000679
632100 0.025390 0.001478 0.000657
633100 0.024975 0.001498 0.000675
634100 0.024955 0.001511 0.000661
635100 0.025058 0.001527 0.000673
636100 0.024916 0.001531 0.000665
637100 0.025490 0.001499 0.000667
638100 0.025131 0.001603 0.000672
639100 0.025370 0.001490 0.000673
640100 0.025168 0.001538 0.000678
641100 0.025387 0.001772 0.000674
642100 0.026437 0.001509 0.000690
643100 0.028752 0.001619 0.000706
644100 0.026885 0.001529 0.000687
645100 0.025542 0.001498 0.000685
646100 0.025485 0.001505 0.000690
647100 0.025761 0.001509 0.000697
648100 0.025922 0.001561 0.000731
649100 0.026234 0.001610 0.000740
650100 0.025912 0.001539 0.000690
651100 0.025756 0.001626 0.000870
652100 0.025945 0.001527 0.000695
653100 0.027428 0.001580 0.000710
654100 0.026037 0.001691 0.000712
655100 0.027507 0.001536 0.000701
656100 0.026769 0.001699 0.000848
657100 0.030530 0.001542 0.000714
658100 0.025997 0.001594 0.000730
659100 0.026573 0.001549 0.000712
660100 0.029574 0.001783 0.001115
661100 0.030146 0.001560 0.000701
662100 0.025975 0.001583 0.000699
663100 0.026174 0.001565 0.000705
664100 0.028603 0.001571 0.000707
665100 0.026386 0.001547 0.000728
666100 0.026506 0.001585 0.000741
667100 0.027547 0.001593 0.000709
668100 0.026607 0.001560 0.000726
669100 0.026533 0.001631 0.000757
670100 0.026801 0.001599 0.000725
671100 0.026966 0.001655 0.000710
672100 0.028534 0.001587 0.000714
673100 0.027679 0.001631 0.000732
674100 0.027065 0.001595 0.000727
675100 0.027117 0.001580 0.000723
676100 0.026740 0.001626 0.000743
677100 0.027995 0.001593 0.000705
678100 0.027095 0.001587 0.000713
679100 0.027022 0.001591 0.000801
680100 0.027064 0.001617 0.000733
681100 0.026980 0.001703 0.000730
682100 0.027379 0.001597 0.000742
683100 0.027087 0.001594 0.000726
684100 0.027154 0.001652 0.000724
685100 0.027385 0.001605 0.000777
686100 0.028388 0.001851 0.000952
687100 0.027422 0.001611 0.000949
688100 0.042375 0.001835 0.001054
689100 0.035674 0.001652 0.000757
690100 0.027364 0.001628 0.000731
691100 0.027376 0.001612 0.000758
692100 0.027427 0.001687 0.000758
693100 0.027430 0.001632 0.000745
694100 0.027471 0.001648 0.000737
695100 0.027959 0.001626 0.000738
696100 0.028078 0.001625 0.000741
697100 0.027652 0.001669 0.000796
698100 0.027559 0.001790 0.000737
699100 0.027959 0.001694 0.000776
700100 0.028159 0.001661 0.000901
701100 0.032238 0.002101 0.000778
702100 0.034344 0.001869 0.001092
703100 0.031342 0.001709 0.000777
704100 0.029430 0.001759 0.000801
705100 0.031129 0.002391 0.001162
706100 0.028237 0.001771 0.000756
707100 0.035536 0.001922 0.001286
708100 0.034796 0.001684 0.000753
709100 0.031563 0.002262 0.001246
710100 0.029404 0.001665 0.000774
711100 0.028527 0.001758 0.000776
712100 0.028759 0.001882 0.000763
713100 0.028341 0.001660 0.000756
714100 0.028391 0.001685 0.000784
715100 0.028761 0.001692 0.000767
716100 0.028933 0.001726 0.000780
717100 0.028901 0.001703 0.000762
718100 0.028822 0.001760 0.000800
719100 0.029954 0.001747 0.000780
720100 0.029144 0.001858 0.000792
721100 0.028974 0.001740 0.000775
722100 0.028715 0.001732 0.000803
723100 0.029172 0.001681 0.000786
724100 0.029339 0.001697 0.000774
725100 0.033766 0.001853 0.000872
726100 0.031064 0.001702 0.000776
727100 0.029032 0.001788 0.000775
728100 0.031175 0.001724 0.000779
729100 0.029563 0.001832 0.000783
730100 0.029684 0.001707 0.000794
731100 0.029636 0.001763 0.000780
732100 0.029077 0.001725 0.000774
733100 0.029129 0.001717 0.000774
734100 0.029254 0.001760 0.000783
735100 0.029357 0.001923 0.001009
736100 0.030367 0.001754 0.000808
737100 0.029875 0.001738 0.000793
738100 0.030108 0.001809 0.000809
739100 0.029466 0.001740 0.000786
740100 0.030126 0.001745 0.000794
741100 0.029843 0.001764 0.000821
742100 0.030158 0.001754 0.000802
743100 0.029958 0.001829 0.001011
744100 0.029679 0.001791 0.000815
745100 0.029676 0.001745 0.000826
746100 0.030149 0.001734 0.000790
747100 0.029804 0.001769 0.000804
748100 0.029771 0.001755 0.000795
749100 0.029565 0.001855 0.000816
750100 0.030015 0.001754 0.000812
751100 0.030311 0.001779 0.000797
752100 0.029729 0.001777 0.000805
753100 0.031138 0.001790 0.000816
754100 0.030333 0.001810 0.000807
755100 0.030751 0.001900 0.000808
756100 0.030202 0.001842 0.000833
757100 0.030752 0.001785 0.000819
758100 0.030572 0.001831 0.000820
759100 0.031411 0.002104 0.000839
760100 0.030686 0.002829 0.001296
761100 0.031428 0.001915 0.000824
762100 0.030472 0.001848 0.000830
763100 0.031193 0.001828 0.000873
764100 0.030584 0.001791 0.000822
765100 0.030676 0.001787 0.000804
766100 0.031571 0.001800 0.000808
767100 0.031788 0.001824 0.000809
768100 0.031199 0.001907 0.000851
769100 0.031237 0.001863 0.000881
770100 0.031043 0.001969 0.000827
771100 0.031246 0.001795 0.000828
772100 0.031141 0.001857 0.000823
773100 0.031533 0.001816 0.000822
774100 0.030788 0.001841 0.000829
775100 0.030992 0.001951 0.000874
776100 0.037276 0.001853 0.000865
777100 0.030813 0.001821 0.000833
778100 0.034322 0.002169 0.001056
779100 0.031060 0.001821 0.000819
780100 0.033951 0.001911 0.000845
781100 0.032103 0.001857 0.000849
782100 0.031048 0.001855 0.000871
783100 0.031721 0.001853 0.000925
784100 0.031340 0.001832 0.000840
785100 0.032185 0.001863 0.000862
786100 0.031961 0.001859 0.000833
787100 0.033013 0.002076 0.000901
788100 0.031323 0.001946 0.000843
789100 0.031717 0.001845 0.000838
790100 0.031980 0.001852 0.000851
791100 0.033833 0.001972 0.000865
792100 0.033592 0.002058 0.000892
793100 0.031984 0.002035 0.000859
794100 0.031590 0.001922 0.000863
795100 0.032271 0.001937 0.000861
796100 0.034523 0.002287 0.001059
797100 0.036503 0.002149 0.000918
798100 0.035153 0.001992 0.000921
799100 0.032216 0.002322 0.000914
800100 0.032579 0.002561 0.001239
801100 0.035675 0.002012 0.000851
802100 0.032735 0.001972 0.000914
803100 0.034760 0.002432 0.001646
804100 0.034066 0.002302 0.000987
805100 0.032041 0.001908 0.000910
806100 0.032590 0.001944 0.000866
807100 0.032552 0.002026 0.000881
808100 0.032080 0.002052 0.000867
809100 0.032816 0.001949 0.000882
810100 0.032482 0.001946 0.000908
811100 0.032573 0.001949 0.000908
812100 0.033058 0.001940 0.000860
813100 0.032832 0.001945 0.000881
814100 0.032828 0.001937 0.000911
815100 0.033059 0.001947 0.000878
816100 0.033373 0.002014 0.000881
817100 0.033008 0.001974 0.000859
818100 0.033200 0.001925 0.000871
819100 0.032803 0.002025 0.000899
820100 0.032638 0.001939 0.000875
821100 0.033896 0.002153 0.000883
822100 0.034653 0.001917 0.000864
823100 0.034113 0.001986 0.000885
824100 0.032992 0.001956 0.000941
825100 0.034465 0.002122 0.000905
826100 0.034325 0.002005 0.000911
827100 0.037598 0.001951 0.000884
828100 0.036428 0.001973 0.000906
829100 0.032948 0.002002 0.000874
830100 0.036670 0.002007 0.000892
831100 0.034042 0.002225 0.001016
832100 0.033271 0.001998 0.000909
833100 0.033726 0.001962 0.000892
834100 0.034322 0.002265 0.000996
835100 0.033357 0.001958 0.000888
836100 0.033621 0.002025 0.001026
837100 0.033870 0.002010 0.000882
838100 0.034131 0.002355 0.000916
839100 0.033815 0.001983 0.000899
840100 0.034029 0.002018 0.000935
841100 0.035438 0.002113 0.001012
842100 0.034619 0.002050 0.000912
843100 0.034086 0.002050 0.000935
844100 0.035700 0.002232 0.000927
845100 0.034861 0.002113 0.000953
846100 0.034182 0.002024 0.000934
847100 0.034879 0.002061 0.000954
848100 0.033869 0.002150 0.000915
849100 0.034115 0.002012 0.000906
850100 0.035020 0.002010 0.000908
851100 0.034399 0.002002 0.000918
852100 0.034192 0.002012 0.000942
853100 0.034437 0.002004 0.000916
854100 0.034269 0.002147 0.000921
855100 0.034914 0.002076 0.000969
856100 0.034881 0.002027 0.000906
857100 0.034529 0.002035 0.000932
858100 0.034897 0.002007 0.000925
859100 0.034853 0.002096 0.000943
860100 0.035264 0.002041 0.000916
861100 0.034650 0.002030 0.000924
862100 0.035373 0.002037 0.001001
863100 0.035200 0.002056 0.000914
864100 0.035232 0.002061 0.000916
865100 0.034746 0.002073 0.000929
866100 0.035341 0.002068 0.000938
867100 0.035521 0.002154 0.000967
868100 0.035692 0.003409 0.001468
869100 0.036908 0.002058 0.000925
870100 0.038498 0.002161 0.000936
871100 0.037647 0.002080 0.000934
872100 0.035956 0.002102 0.000949
873100 0.035951 0.002160 0.000959
874100 0.035731 0.002201 0.000957
875100 0.036368 0.002066 0.000928
876100 0.035539 0.002361 0.001291
877100 0.038583 0.002066 0.000953
878100 0.039501 0.002333 0.000969
879100 0.035145 0.002068 0.000962
880100 0.035191 0.002287 0.000965
881100 0.036098 0.002201 0.000970
882100 0.036124 0.002156 0.000950
883100 0.037553 0.002807 0.001188
884100 0.037608 0.002086 0.000943
885100 0.037495 0.002336 0.000972
886100 0.036750 0.002097 0.000965
887100 0.036278 0.002304 0.000999
888100 0.036618 0.002202 0.000988
889100 0.036117 0.002154 0.001037
890100 0.037036 0.002272 0.000988
891100 0.038303 0.002193 0.000968
892100 0.039281 0.002156 0.000969
893100 0.035824 0.002120 0.001109
894100 0.036259 0.002097 0.000955
895100 0.035777 0.002241 0.000945
896100 0.036117 0.002124 0.000963
897100 0.036149 0.002139 0.000973
898100 0.035739 0.002093 0.000964
899100 0.035813 0.002130 0.000938
900100 0.035983 0.002184 0.000967
901100 0.035978 0.002140 0.000972
902100 0.035988 0.002113 0.000968
903100 0.035684 0.002122 0.000960
904100 0.035696 0.002117 0.000956
905100 0.036421 0.002211 0.001078
906100 0.037352 0.002142 0.000952
907100 0.038599 0.002643 0.001833
908100 0.050911 0.003315 0.001406
909100 0.038268 0.002152 0.000991
910100 0.036727 0.002294 0.001024
911100 0.037112 0.002389 0.000996
912100 0.036872 0.002210 0.001265
913100 0.040450 0.002254 0.001148
914100 0.037881 0.002191 0.001351
915100 0.037429 0.002175 0.000985
916100 0.036712 0.002178 0.000989
917100 0.037866 0.002201 0.001148
918100 0.037671 0.002211 0.001007
919100 0.038320 0.002308 0.001120
920100 0.039033 0.002613 0.001721
921100 0.037532 0.002236 0.000970
922100 0.037638 0.002178 0.001017
923100 0.036868 0.002176 0.000978
924100 0.039523 0.003060 0.001434
925100 0.037405 0.002163 0.000996
926100 0.037936 0.002373 0.001005
927100 0.037608 0.002261 0.001377
928100 0.038122 0.002217 0.001006
929100 0.038648 0.002263 0.000989
930100 0.037501 0.002223 0.000984
931100 0.037973 0.002273 0.001000
932100 0.038142 0.002212 0.001009
933100 0.038085 0.002289 0.000999
934100 0.039828 0.002362 0.001045
935100 0.038935 0.002263 0.001047
936100 0.037622 0.002244 0.001018
937100 0.038158 0.002528 0.001021
938100 0.038199 0.002302 0.001059
939100 0.037631 0.002271 0.000997
940100 0.038341 0.002311 0.001080
941100 0.037984 0.002234 0.000992
942100 0.038184 0.002217 0.001000
943100 0.038907 0.002214 0.001006
944100 0.038296 0.002350 0.001017
945100 0.037883 0.002225 0.001008
946100 0.037483 0.002545 0.001003
947100 0.038128 0.002256 0.001012
948100 0.038314 0.002272 0.001021
949100 0.037977 0.002250 0.001044
950100 0.038025 0.002309 0.001032
951100 0.037749 0.002352 0.001014
952100 0.038045 0.002253 0.001020
953100 0.037920 0.002266 0.001016
954100 0.037908 0.002258 0.001022
955100 0.037980 0.002257 0.001015
956100 0.038779 0.003009 0.001059
957100 0.038466 0.002281 0.001023
958100 0.038494 0.002269 0.001017
959100 0.038908 0.002272 0.001022
960100 0.038236 0.002284 0.001022
961100 0.039301 0.002314 0.001140
962100 0.038418 0.002295 0.001029
963100 0.038370 0.002283 0.001025
964100 0.038650 0.002263 0.001142
965100 0.038408 0.002274 0.001041
966100 0.038774 0.002303 0.001027
967100 0.038853 0.002308 0.001080
968100 0.038694 0.002274 0.001022
969100 0.038771 0.002291 0.001062
970100 0.038753 0.002271 0.001040
971100 0.039076 0.002333 0.001043
972100 0.039184 0.002291 0.001052
973100 0.039462 0.002461 0.001033
974100 0.039451 0.002305 0.001097
975100 0.039930 0.002391 0.001045
976100 0.039748 0.002397 0.001049
977100 0.039936 0.002345 0.001058
978100 0.039224 0.002297 0.001079
979100 0.039725 0.002381 0.001036
980100 0.039390 0.002326 0.001035
981100 0.039828 0.002351 0.001070
982100 0.040466 0.003360 0.001346
983100 0.044963 0.002559 0.001061
984100 0.042093 0.002531 0.001236
985100 0.045614 0.002787 0.001636
986100 0.046991 0.003525 0.001623
987100 0.039623 0.002346 0.001046
988100 0.039528 0.002324 0.001057
989100 0.057530 0.003869 0.002024
990100 0.044114 0.002508 0.001067
991100 0.040684 0.002351 0.001079
992100 0.040912 0.002459 0.001063
993100 0.041057 0.002399 0.001050
994100 0.041271 0.002355 0.001073
995100 0.040152 0.002354 0.001059
996100 0.040345 0.002472 0.001064
997100 0.040902 0.002565 0.001114
998100 0.041836 0.002484 0.001084
999100 0.040140 0.002684 0.001112
