100 0.000005 0.000003 0.000005
1100 0.000084 0.000080 0.000103
2100 0.000171 0.000195 0.000244
3100 0.000266 0.000303 0.000421
4100 0.000376 0.000404 0.000669
5100 0.000470 0.000516 0.000672
6100 0.000562 0.000652 0.000840
7100 0.000671 0.000769 0.001000
8100 0.000787 0.000903 0.001176
9100 0.000925 0.000967 0.001316
10100 0.000981 0.001092 0.001495
11100 0.001121 0.001231 0.001666
12100 0.001353 0.001357 0.001851
13100 0.001345 0.001499 0.002075
14100 0.001556 0.001623 0.002269
15100 0.001531 0.001765 0.002515
16100 0.001743 0.001927 0.002741
17100 0.001731 0.001956 0.002880
18100 0.001846 0.002103 0.003008
19100 0.001980 0.002196 0.003214
20100 0.002113 0.002327 0.003406
21100 0.002216 0.002485 0.003716
22100 0.002337 0.002622 0.003758
23100 0.002439 0.002747 0.003967
24100 0.002713 0.002891 0.004140
25100 0.002737 0.003192 0.004501
26100 0.002813 0.003206 0.004708
27100 0.003016 0.003331 0.004921
28100 0.003019 0.003476 0.005198
29100 0.003155 0.003640 0.005462
30100 0.003238 0.003765 0.005706
31100 0.003388 0.004060 0.005752
32100 0.003505 0.004283 0.006050
33100 0.003605 0.003981 0.006238
34100 0.003713 0.004109 0.006432
35100 0.003834 0.004289 0.006761
36100 0.003974 0.004425 0.007083
37100 0.004048 0.004566 0.007119
38100 0.004166 0.004679 0.007492
39100 0.004283 0.004851 0.007839
40100 0.004412 0.004989 0.007823
41100 0.004560 0.005260 0.008188
42100 0.004782 0.005506 0.008292
43100 0.004808 0.005459 0.008691
44100 0.005013 0.005606 0.008950
45100 0.005020 0.005742 0.008946
46100 0.005161 0.005933 0.009219
47100 0.005280 0.006023 0.009447
48100 0.005386 0.006163 0.009732
49100 0.005482 0.006300 0.010016
50100 0.005728 0.006450 0.010136
51100 0.005765 0.006583 0.010541
52100 0.005870 0.006875 0.010828
53100 0.005993 0.007019 0.011107
54100 0.006116 0.007072 0.011659
55100 0.006219 0.007199 0.011718
56100 0.006353 0.007366 0.011880
57100 0.006498 0.007719 0.012151
58100 0.006599 0.007695 0.012242
59100 0.006828 0.007815 0.012468
60100 0.006951 0.008119 0.014118
61100 0.006951 0.008529 0.013007
62100 0.007101 0.008300 0.013255
63100 0.007320 0.008553 0.013611
64100 0.007462 0.008580 0.013907
65100 0.007589 0.008733 0.014069
66100 0.007549 0.008468 0.014489
67100 0.007919 0.008616 0.014892
68100 0.007872 0.009031 0.015668
69100 0.008052 0.008916 0.015545
70100 0.008103 0.009059 0.015505
71100 0.008206 0.009167 0.015757
72100 0.008355 0.009354 0.015932
73100 0.008476 0.009677 0.016520
74100 0.008695 0.009831 0.016384
75100 0.008694 0.009830 0.016593
76100 0.008844 0.010111 0.017169
77100 0.009126 0.010167 0.017620
78100 0.009201 0.010431 0.017514
79100 0.009216 0.010456 0.018022
80100 0.009400 0.010715 0.018398
81100 0.009472 0.010816 0.018509
82100 0.009794 0.010883 0.018907
83100 0.009743 0.011089 0.022433
84100 0.009956 0.011898 0.020464
85100 0.010143 0.011401 0.019705
86100 0.010277 0.011676 0.020133
87100 0.010310 0.011784 0.020876
88100 0.010402 0.011913 0.020855
89100 0.010614 0.011999 0.021239
90100 0.010657 0.012263 0.021663
91100 0.010760 0.012368 0.021976
92100 0.011045 0.012594 0.022435
93100 0.011043 0.012620 0.022855
94100 0.011292 0.012798 0.023243
95100 0.011401 0.013068 0.023239
96100 0.011448 0.013153 0.022928
97100 0.011454 0.013198 0.022783
98100 0.011613 0.013314 0.023945
99100 0.011812 0.013622 0.023950
100100 0.012124 0.014066 0.025366
101100 0.012091 0.014008 0.026528
102100 0.012388 0.014117 0.026377
103100 0.012570 0.014248 0.026521
104100 0.012599 0.017033 0.032955
105100 0.012603 0.016469 0.031301
106100 0.013503 0.015021 0.030525
107100 0.012980 0.014950 0.028341
108100 0.013103 0.015185 0.028089
109100 0.013145 0.015214 0.028152
110100 0.013406 0.015669 0.034104
111100 0.013387 0.015541 0.030877
112100 0.013655 0.015638 0.029840
113100 0.013847 0.015795 0.030588
114100 0.013749 0.016102 0.030754
115100 0.013884 0.016161 0.030791
116100 0.014138 0.016336 0.029701
117100 0.014165 0.016483 0.029661
118100 0.014231 0.016557 0.032576
119100 0.014941 0.017111 0.032677
120100 0.014552 0.017054 0.033339
121100 0.014722 0.017157 0.033426
122100 0.014754 0.017298 0.032825
123100 0.015133 0.017469 0.032827
124100 0.015556 0.017680 0.032528
125100 0.015298 0.017789 0.032295
126100 0.015262 0.017884 0.033026
127100 0.015365 0.018120 0.033210
128100 0.015881 0.019520 0.037575
129100 0.016435 0.018752 0.036025
130100 0.017482 0.020154 0.035605
131100 0.019070 0.018604 0.037592
132100 0.018547 0.020185 0.054690
133100 0.027212 0.032282 0.042187
134100 0.023799 0.027463 0.069420
135100 0.032653 0.023013 0.047152
136100 0.019207 0.019261 0.044121
137100 0.019060 0.020111 0.043345
138100 0.017233 0.020498 0.049559
139100 0.018363 0.020619 0.053010
140100 0.019053 0.020484 0.038287
141100 0.017294 0.019318 0.038579
142100 0.019796 0.024938 0.049775
143100 0.019527 0.020180 0.042505
144100 0.019216 0.022059 0.045180
145100 0.017884 0.021731 0.040300
146100 0.018182 0.020379 0.043499
147100 0.018334 0.020402 0.041063
148100 0.018403 0.020921 0.042720
149100 0.018405 0.021564 0.041844
150100 0.018696 0.020893 0.043194
151100 0.020155 0.021420 0.043188
152100 0.018787 0.021270 0.046628
153100 0.019487 0.021800 0.046001
154100 0.019304 0.021935 0.045597
155100 0.019294 0.021899 0.044633
156100 0.019335 0.022071 0.044952
157100 0.021451 0.022398 0.047795
158100 0.020242 0.023156 0.045808
159100 0.019910 0.022411 0.046598
160100 0.020003 0.022657 0.053936
161100 0.019981 0.022867 0.047912
162100 0.020154 0.023851 0.049551
163100 0.020570 0.023219 0.048232
164100 0.020754 0.023529 0.049667
165100 0.020779 0.023478 0.049973
166100 0.020733 0.023714 0.051808
167100 0.021055 0.023868 0.051451
168100 0.021355 0.024125 0.051255
169100 0.021177 0.024501 0.051235
170100 0.022589 0.025667 0.057351
171100 0.024500 0.029304 0.058167
172100 0.022058 0.026008 0.053424
173100 0.021596 0.024690 0.052902
174100 0.022414 0.026210 0.052796
175100 0.022337 0.025035 0.054210
176100 0.022113 0.025236 0.059503
177100 0.022109 0.025128 0.052395
178100 0.022193 0.025283 0.053287
179100 0.022487 0.025457 0.054041
180100 0.022675 0.026037 0.058069
181100 0.022932 0.026227 0.054951
182100 0.023698 0.026978 0.060332
183100 0.023340 0.026470 0.067166
184100 0.023354 0.030525 0.069789
185100 0.023422 0.027686 0.059939
186100 0.024197 0.027129 0.062471
187100 0.024288 0.027469 0.062209
188100 0.024385 0.028073 0.060678
189100 0.023805 0.027358 0.060780
190100 0.024709 0.028179 0.066932
191100 0.024994 0.027971 0.062780
192100 0.024734 0.028378 0.062091
193100 0.024713 0.028804 0.073872
194100 0.024839 0.033585 0.075343
195100 0.024877 0.029101 0.065510
196100 0.025107 0.028754 0.064603
197100 0.025317 0.029055 0.065277
198100 0.025266 0.029167 0.064493
199100 0.025828 0.029358 0.066704
200100 0.025794 0.029467 0.065396
201100 0.025623 0.029626 0.066250
202100 0.025761 0.029555 0.067382
203100 0.025993 0.030120 0.067591
204100 0.026435 0.031071 0.068335
205100 0.026673 0.031089 0.066943
206100 0.026383 0.030441 0.071912
207100 0.026742 0.030875 0.067078
208100 0.026724 0.032881 0.066271
209100 0.026904 0.031086 0.071265
210100 0.026833 0.031401 0.069403
211100 0.028743 0.031352 0.070193
212100 0.027373 0.031949 0.071212
213100 0.027557 0.032558 0.070415
214100 0.027577 0.033109 0.071840
215100 0.027773 0.031764 0.070741
216100 0.031377 0.032811 0.072023
217100 0.027782 0.032390 0.073774
218100 0.027978 0.033368 0.075957
219100 0.028209 0.032467 0.075846
220100 0.027805 0.033122 0.074213
221100 0.028302 0.033458 0.076095
222100 0.028857 0.035225 0.074815
223100 0.030545 0.034279 0.075321
224100 0.029507 0.033034 0.077211
225100 0.029145 0.033572 0.079622
226100 0.032057 0.035206 0.083554
227100 0.030020 0.035229 0.085203
228100 0.031135 0.033731 0.080056
229100 0.029379 0.034182 0.088003
230100 0.029786 0.036433 0.087820
231100 0.029521 0.034623 0.077202
232100 0.030007 0.035076 0.081686
233100 0.030047 0.036148 0.090426
234100 0.033218 0.037298 0.081139
235100 0.030154 0.034989 0.080622
236100 0.030516 0.035762 0.080585
237100 0.030847 0.035557 0.082077
238100 0.031223 0.035830 0.081928
239100 0.030668 0.035900 0.083685
240100 0.033270 0.038622 0.092206
241100 0.032307 0.038734 0.092133
242100 0.032093 0.037522 0.093272
243100 0.031981 0.037788 0.092721
244100 0.031888 0.036805 0.084161
245100 0.031598 0.037141 0.087465
246100 0.031735 0.037595 0.086204
247100 0.031925 0.037204 0.087673
248100 0.032967 0.037561 0.087885
249100 0.032558 0.038045 0.091577
250100 0.033299 0.037810 0.088854
251100 0.033671 0.040435 0.100582
252100 0.035850 0.040221 0.097621
253100 0.044925 0.060759 0.106298
254100 0.033140 0.039538 0.091462
255100 0.033411 0.038894 0.093027
256100 0.033795 0.039270 0.093828
257100 0.033748 0.039208 0.098621
258100 0.037852 0.040817 0.094446
259100 0.034596 0.040397 0.099932
260100 0.038122 0.039736 0.094818
261100 0.033953 0.039375 0.096565
262100 0.034158 0.040108 0.098357
263100 0.035380 0.038973 0.098902
264100 0.034984 0.039766 0.103899
265100 0.034941 0.039380 0.096664
266100 0.034659 0.038418 0.096137
267100 0.035077 0.039597 0.098845
268100 0.035376 0.039306 0.100259
269100 0.034958 0.039083 0.101985
270100 0.035381 0.039436 0.100016
271100 0.035204 0.039482 0.100152
272100 0.035114 0.039542 0.099292
273100 0.035150 0.039587 0.099021
274100 0.035748 0.039866 0.099910
275100 0.035673 0.039887 0.099722
276100 0.035672 0.040187 0.101234
277100 0.035621 0.040302 0.101310
278100 0.035750 0.040233 0.108121
279100 0.039253 0.041420 0.113059
280100 0.037401 0.044306 0.112322
281100 0.040086 0.048314 0.110461
282100 0.036488 0.041280 0.104259
283100 0.037234 0.041637 0.103761
284100 0.036718 0.041525 0.105089
285100 0.036816 0.042643 0.105982
286100 0.036831 0.041823 0.105127
287100 0.037232 0.042073 0.106334
288100 0.037168 0.042079 0.107969
289100 0.037370 0.042407 0.121294
290100 0.038394 0.046623 0.110430
291100 0.038410 0.042760 0.112024
292100 0.039138 0.044005 0.108488
293100 0.038069 0.043049 0.112662
294100 0.038580 0.043612 0.112623
295100 0.038423 0.043483 0.111526
296100 0.041057 0.043904 0.113742
297100 0.039182 0.044330 0.114958
298100 0.038896 0.043978 0.113726
299100 0.039281 0.043890 0.109535
300100 0.039137 0.044311 0.111974
301100 0.039190 0.044384 0.112493
302100 0.041201 0.044560 0.114309
303100 0.039425 0.044396 0.113886
304100 0.039503 0.044686 0.110064
305100 0.039782 0.045047 0.114460
306100 0.039824 0.045283 0.115671
307100 0.041209 0.045367 0.115582
308100 0.039923 0.045516 0.116141
309100 0.040060 0.049185 0.135928
310100 0.043533 0.047536 0.129742
311100 0.042009 0.048298 0.124433
312100 0.041750 0.048034 0.122118
313100 0.041164 0.046914 0.125294
314100 0.041704 0.048466 0.128995
315100 0.041434 0.047107 0.126169
316100 0.042370 0.047518 0.126198
317100 0.042542 0.049060 0.134586
318100 0.042565 0.051388 0.135490
319100 0.042835 0.051801 0.134203
320100 0.042270 0.048977 0.133385
321100 0.043218 0.048661 0.121706
322100 0.042639 0.052742 0.128138
323100 0.042226 0.048287 0.126199
324100 0.042662 0.048812 0.125332
325100 0.042929 0.051053 0.124948
326100 0.052075 0.052227 0.121117
327100 0.043199 0.049144 0.123279
328100 0.043770 0.049664 0.125197
329100 0.044222 0.053672 0.148129
330100 0.045326 0.049810 0.130595
331100 0.044395 0.052804 0.144828
332100 0.043731 0.051420 0.155080
333100 0.044166 0.049889 0.169209
334100 0.044361 0.050188 0.128412
335100 0.043827 0.050256 0.130400
336100 0.045130 0.051921 0.134376
337100 0.045158 0.051043 0.130252
338100 0.046487 0.050952 0.136301
339100 0.050139 0.051302 0.131505
340100 0.045988 0.052014 0.138085
341100 0.045843 0.052072 0.134816
342100 0.045394 0.051808 0.139977
343100 0.045041 0.052694 0.143019
344100 0.045575 0.053828 0.161329
345100 0.050870 0.055736 0.135624
346100 0.046410 0.063210 0.137946
347100 0.049914 0.055964 0.167182
348100 0.066126 0.065361 0.160542
349100 0.058867 0.056630 0.169878
350100 0.049610 0.056536 0.168345
351100 0.082576 0.055116 0.136399
352100 0.046650 0.053505 0.134807
353100 0.046586 0.053473 0.127089
354100 0.046531 0.053105 0.131001
355100 0.046683 0.053677 0.131346
356100 0.047278 0.054579 0.137499
357100 0.049166 0.054789 0.174828
358100 0.050135 0.062257 0.141639
359100 0.047536 0.055902 0.158298
360100 0.050778 0.060319 0.159866
361100 0.053158 0.059706 0.156477
362100 0.048423 0.055450 0.155514
363100 0.048073 0.055294 0.137248
364100 0.048253 0.055533 0.137851
365100 0.054094 0.055701 0.143871
366100 0.049473 0.056289 0.151250
367100 0.050497 0.056183 0.149280
368100 0.049197 0.056625 0.148078
369100 0.050284 0.056677 0.142426
370100 0.048849 0.056500 0.144277
371100 0.049458 0.057557 0.150686
372100 0.050021 0.057658 0.155373
373100 0.051694 0.058358 0.156172
374100 0.051961 0.058795 0.146283
375100 0.049709 0.056818 0.145932
376100 0.050073 0.057260 0.140962
377100 0.049711 0.057506 0.153683
378100 0.050355 0.057988 0.142355
379100 0.049813 0.057512 0.139963
380100 0.050678 0.058273 0.143555
381100 0.050339 0.058035 0.146848
382100 0.050428 0.058131 0.145288
383100 0.050456 0.058300 0.148945
384100 0.050938 0.058614 0.143889
385100 0.050949 0.059120 0.148259
386100 0.050925 0.058854 0.146657
387100 0.051301 0.059294 0.146875
388100 0.051779 0.059604 0.147624
389100 0.051575 0.059144 0.151220
390100 0.051813 0.059656 0.152512
391100 0.052901 0.059547 0.148510
392100 0.052182 0.060443 0.150286
393100 0.052061 0.060042 0.152726
394100 0.052304 0.060412 0.150593
395100 0.052215 0.060484 0.152559
396100 0.052641 0.063054 0.164021
397100 0.053423 0.061578 0.158077
398100 0.052668 0.060968 0.159431
399100 0.053533 0.061750 0.165028
400100 0.054639 0.061971 0.157677
401100 0.053206 0.062603 0.166768
402100 0.054284 0.064885 0.190120
403100 0.055144 0.065453 0.200885
404100 0.072149 0.071616 0.177966
405100 0.053927 0.062394 0.159950
406100 0.054231 0.067842 0.170332
407100 0.054521 0.062624 0.170264
408100 0.055302 0.062877 0.171068
409100 0.055975 0.068647 0.205709
410100 0.055451 0.066935 0.194242
411100 0.063711 0.078703 0.205625
412100 0.064816 0.068166 0.232091
413100 0.066933 0.064958 0.172787
414100 0.055217 0.063659 0.159125
415100 0.061051 0.064965 0.180486
416100 0.065118 0.065448 0.184698
417100 0.064060 0.065243 0.197405
418100 0.060815 0.098137 0.198709
419100 0.060229 0.102945 0.211339
420100 0.059331 0.065233 0.167978
421100 0.056613 0.066097 0.175658
422100 0.056839 0.066971 0.172003
423100 0.057299 0.069901 0.181697
424100 0.059556 0.065951 0.178366
425100 0.060396 0.065925 0.175733
426100 0.058536 0.066979 0.169517
427100 0.056744 0.066074 0.170940
428100 0.056822 0.066325 0.177652
429100 0.056913 0.066118 0.169277
430100 0.059241 0.067775 0.186460
431100 0.058752 0.069191 0.187409
432100 0.058657 0.069817 0.188811
433100 0.060563 0.067280 0.187747
434100 0.058329 0.067877 0.179610
435100 0.061597 0.080854 0.196153
436100 0.073966 0.081107 0.193110
437100 0.059657 0.070752 0.184992
438100 0.060465 0.069774 0.175972
439100 0.065019 0.069803 0.204309
440100 0.059429 0.068572 0.189332
441100 0.068433 0.068857 0.180485
442100 0.059372 0.068997 0.178724
443100 0.061114 0.071773 0.178611
444100 0.064068 0.076693 0.192407
445100 0.060240 0.069418 0.190616
446100 0.060725 0.071019 0.186813
447100 0.061093 0.070792 0.192447
448100 0.061447 0.070283 0.187693
449100 0.061354 0.070406 0.191028
450100 0.060424 0.070464 0.186571
451100 0.060547 0.070370 0.195530
452100 0.060570 0.070702 0.192407
453100 0.060368 0.070509 0.184447
454100 0.060712 0.071366 0.187205
455100 0.060877 0.071088 0.183528
456100 0.060829 0.071028 0.185312
457100 0.061108 0.071571 0.186269
458100 0.061215 0.071217 0.186279
459100 0.061545 0.072412 0.201222
460100 0.062512 0.073440 0.210446
461100 0.066684 0.075027 0.199532
462100 0.065801 0.073597 0.203059
463100 0.063544 0.077711 0.205069
464100 0.063425 0.073754 0.193535
465100 0.075618 0.078893 0.184564
466100 0.064202 0.073416 0.194350
467100 0.063284 0.073376 0.182326
468100 0.062762 0.073163 0.181769
469100 0.062985 0.073287 0.179755
470100 0.063251 0.080437 0.203824
471100 0.065920 0.079397 0.214400
472100 0.063215 0.074365 0.184550
473100 0.064128 0.074697 0.185003
474100 0.064474 0.074958 0.187721
475100 0.064572 0.076994 0.192519
476100 0.064120 0.074666 0.224355
477100 0.064076 0.077451 0.183851
478100 0.064697 0.080353 0.194199
479100 0.072958 0.082836 0.194240
480100 0.065115 0.076135 0.236772
481100 0.070171 0.080115 0.208735
482100 0.066038 0.079407 0.210204
483100 0.071431 0.083730 0.220896
484100 0.068071 0.083233 0.207052
485100 0.070257 0.083653 0.228779
486100 0.073362 0.084638 0.217734
487100 0.073135 0.083282 0.212333
488100 0.067884 0.079977 0.205066
489100 0.069107 0.079790 0.211494
490100 0.069659 0.082386 0.202911
491100 0.068869 0.082040 0.201232
492100 0.069350 0.080595 0.200585
493100 0.076071 0.079606 0.204472
494100 0.066989 0.085235 0.203028
495100 0.067132 0.081272 0.211563
496100 0.069990 0.081473 0.233568
497100 0.069898 0.080918 0.206113
498100 0.067699 0.081292 0.205607
499100 0.073671 0.099124 0.209342
500100 0.069653 0.082138 0.196242
501100 0.067667 0.086557 0.231202
502100 0.072500 0.081778 0.206107
503100 0.067874 0.081951 0.214605
504100 0.069800 0.083662 0.223986
505100 0.070364 0.080225 0.209670
506100 0.069499 0.084835 0.215047
507100 0.072626 0.081329 0.233415
508100 0.068392 0.080367 0.204736
509100 0.070187 0.081031 0.208721
510100 0.070599 0.084663 0.212392
511100 0.071601 0.081690 0.220509
512100 0.073045 0.084737 0.224723
513100 0.071433 0.083512 0.227354
514100 0.071732 0.086701 0.221359
515100 0.073644 0.089184 0.220976
516100 0.074354 0.084485 0.220362
517100 0.071211 0.083631 0.214154
518100 0.069849 0.082564 0.211917
519100 0.070084 0.083345 0.220554
520100 0.072553 0.085361 0.224760
521100 0.073246 0.083695 0.217124
522100 0.071752 0.085923 0.226079
523100 0.071607 0.083471 0.210711
524100 0.070473 0.082861 0.229307
525100 0.072801 0.085931 0.230593
526100 0.075070 0.083822 0.221068
527100 0.071396 0.083412 0.243745
528100 0.073933 0.084060 0.234026
529100 0.076875 0.082847 0.232773
530100 0.073299 0.082072 0.233249
531100 0.074203 0.083507 0.244123
532100 0.076436 0.085434 0.215190
533100 0.072043 0.081182 0.224915
534100 0.074162 0.081971 0.246073
535100 0.080108 0.087096 0.232483
536100 0.079886 0.083904 0.242341
537100 0.076076 0.084473 0.219227
538100 0.072519 0.081822 0.229978
539100 0.074026 0.082756 0.231084
540100 0.074545 0.086831 0.241188
541100 0.075460 0.083804 0.233476
542100 0.075744 0.084216 0.231006
543100 0.076674 0.082970 0.234832
544100 0.077308 0.086578 0.228131
545100 0.075230 0.086265 0.228979
546100 0.075087 0.083458 0.236696
547100 0.075663 0.089254 0.214448
548100 0.074153 0.083393 0.233823
549100 0.074732 0.086673 0.239829
550100 0.076017 0.088055 0.230320
551100 0.075544 0.086013 0.247341
552100 0.082141 0.094540 0.245085
553100 0.076879 0.140904 0.275819
554100 0.075844 0.085823 0.224873
555100 0.075058 0.084649 0.236514
556100 0.075538 0.084929 0.239372
557100 0.077087 0.085188 0.251245
558100 0.080081 0.088101 0.261177
559100 0.078041 0.087222 0.227400
560100 0.075642 0.085506 0.228290
561100 0.075599 0.086235 0.255544
562100 0.077783 0.087187 0.234127
563100 0.078538 0.086747 0.247970
564100 0.078707 0.086790 0.244206
565100 0.079368 0.088851 0.257910
566100 0.091848 0.091275 0.273338
567100 0.079723 0.087921 0.251700
568100 0.081104 0.089094 0.254156
569100 0.078548 0.090225 0.250629
570100 0.078767 0.090755 0.250607
571100 0.078375 0.088622 0.242925
572100 0.077472 0.087443 0.247127
573100 0.078653 0.087668 0.234210
574100 0.077918 0.087772 0.236360
575100 0.077946 0.088381 0.250648
576100 0.081772 0.090233 0.247510
577100 0.086327 0.092867 0.270775
578100 0.083220 0.093108 0.276391
579100 0.085754 0.093140 0.269308
580100 0.082000 0.089213 0.237169
581100 0.078669 0.089203 0.237167
582100 0.082489 0.092288 0.266520
583100 0.079101 0.089254 0.292573
584100 0.084395 0.090118 0.251521
585100 0.083701 0.107231 0.285738
586100 0.081621 0.094879 0.250964
587100 0.079606 0.095207 0.292460
588100 0.082290 0.095772 0.284371
589100 0.087007 0.104973 0.292185
590100 0.082437 0.093067 0.250284
591100 0.083511 0.098830 0.265563
592100 0.084076 0.093456 0.252310
593100 0.082575 0.091279 0.251279
594100 0.092460 0.096096 0.286881
595100 0.093106 0.104168 0.266201
596100 0.087111 0.093203 0.255759
597100 0.084919 0.093503 0.265363
598100 0.084218 0.103012 0.275359
599100 0.091112 0.095470 0.239598
600100 0.083861 0.094969 0.259990
601100 0.087068 0.097535 0.285346
602100 0.082432 0.092784 0.248330
603100 0.081778 0.092813 0.242191
604100 0.082111 0.093451 0.264892
605100 0.085330 0.094113 0.241705
606100 0.082263 0.093344 0.245071
607100 0.088056 0.102147 0.282014
608100 0.092167 0.097060 0.255906
609100 0.087377 0.096490 0.263688
610100 0.084936 0.098210 0.246977
611100 0.083162 0.095270 0.251719
612100 0.085228 0.096242 0.247522
613100 0.086134 0.103384 0.276321
614100 0.089374 0.099126 0.261866
615100 0.086829 0.097093 0.258755
616100 0.085804 0.095667 0.271709
617100 0.084965 0.098700 0.277927
618100 0.085765 0.102428 0.277115
619100 0.087827 0.109486 0.302141
620100 0.093942 0.097717 0.271309
621100 0.087431 0.100873 0.260803
622100 0.086009 0.100845 0.276035
623100 0.087248 0.101719 0.263534
624100 0.087652 0.101988 0.267251
625100 0.091422 0.099581 0.276418
626100 0.087923 0.100038 0.264052
627100 0.086930 0.099551 0.263031
628100 0.090098 0.099935 0.273387
629100 0.090586 0.099202 0.263810
630100 0.086098 0.103411 0.274386
631100 0.090549 0.103299 0.276763
632100 0.089394 0.111465 0.278417
633100 0.089641 0.103941 0.265875
634100 0.087735 0.102277 0.266269
635100 0.088755 0.100728 0.269998
636100 0.089297 0.104199 0.272269
637100 0.091381 0.109899 0.286674
638100 0.088274 0.100342 0.281738
639100 0.111440 0.111601 0.286101
640100 0.089942 0.103568 0.278100
641100 0.092174 0.102248 0.271339
642100 0.091262 0.102725 0.277082
643100 0.090232 0.102663 0.271271
644100 0.089795 0.102977 0.296296
645100 0.089125 0.103063 0.285128
646100 0.090779 0.102487 0.280810
647100 0.089714 0.104296 0.285788
648100 0.093373 0.105191 0.274891
649100 0.092691 0.103590 0.287274
650100 0.089865 0.103804 0.318308
651100 0.090519 0.120663 0.289776
652100 0.090373 0.102843 0.283656
653100 0.091517 0.105545 0.286100
654100 0.091579 0.102576 0.278501
655100 0.090402 0.104421 0.290402
656100 0.092607 0.103929 0.289445
657100 0.090563 0.102489 0.271724
658100 0.094719 0.103483 0.326158
659100 0.095700 0.103248 0.311669
660100 0.099487 0.110710 0.340089
661100 0.094739 0.109377 0.288238
662100 0.094387 0.108220 0.281361
663100 0.091458 0.104671 0.296022
664100 0.095460 0.104389 0.279808
665100 0.093909 0.107977 0.288168
666100 0.092553 0.105943 0.285221
667100 0.092131 0.106873 0.295597
668100 0.095136 0.106204 0.293956
669100 0.097566 0.122277 0.281241
670100 0.095253 0.110007 0.293297
671100 0.093790 0.106212 0.291257
672100 0.093758 0.111445 0.306318
673100 0.102406 0.114351 0.289749
674100 0.092428 0.105580 0.339484
675100 0.114310 0.112884 0.314562
676100 0.109119 0.126035 0.297804
677100 0.100554 0.108300 0.307258
678100 0.109206 0.111017 0.324833
679100 0.101786 0.153367 0.337034
680100 0.114247 0.118464 0.290406
681100 0.095139 0.125138 0.340964
682100 0.098716 0.107626 0.288766
683100 0.094083 0.108083 0.284286
684100 0.097813 0.111465 0.292503
685100 0.095851 0.109884 0.309163
686100 0.095355 0.109289 0.296209
687100 0.095577 0.110312 0.296708
688100 0.096859 0.109812 0.287929
689100 0.096380 0.109853 0.292166
690100 0.095371 0.109545 0.300270
691100 0.095471 0.109417 0.297365
692100 0.097066 0.110719 0.302582
693100 0.097327 0.109573 0.291165
694100 0.098410 0.112220 0.297459
695100 0.096310 0.110235 0.300834
696100 0.096863 0.111641 0.304248
697100 0.099170 0.111199 0.304773
698100 0.098829 0.111405 0.297989
699100 0.096528 0.110665 0.282289
700100 0.096833 0.111138 0.278711
701100 0.097281 0.110032 0.289661
702100 0.105883 0.123237 0.373201
703100 0.100417 0.111275 0.283317
704100 0.097957 0.111732 0.285466
705100 0.097177 0.110956 0.275143
706100 0.096994 0.111141 0.288301
707100 0.107991 0.112279 0.284647
708100 0.109163 0.117216 0.315786
709100 0.097829 0.112495 0.282411
710100 0.103086 0.112573 0.273966
711100 0.097605 0.111783 0.278852
712100 0.097629 0.121284 0.317627
713100 0.098716 0.112671 0.275570
714100 0.099183 0.117531 0.277413
715100 0.098116 0.112775 0.299665
716100 0.100261 0.113728 0.304989
717100 0.111170 0.121475 0.436570
718100 0.145489 0.158702 0.332281
719100 0.099963 0.114623 0.298552
720100 0.100300 0.115925 0.320916
721100 0.100478 0.115131 0.292135
722100 0.100219 0.114260 0.294292
723100 0.099524 0.114577 0.292196
724100 0.100516 0.114847 0.290886
725100 0.100401 0.114917 0.292498
726100 0.100178 0.114878 0.296337
727100 0.101194 0.115930 0.298884
728100 0.101013 0.115652 0.295955
729100 0.100949 0.115573 0.295506
730100 0.101224 0.115679 0.298274
731100 0.100820 0.116065 0.312721
732100 0.101790 0.116878 0.310500
733100 0.103975 0.120113 0.305462
734100 0.102775 0.117712 0.312443
735100 0.103790 0.120696 0.315974
736100 0.105691 0.121755 0.320302
737100 0.102691 0.118619 0.313883
738100 0.103175 0.119803 0.312341
739100 0.105705 0.121579 0.320929
740100 0.106143 0.118545 0.316215
741100 0.106399 0.121463 0.322167
742100 0.108130 0.122610 0.320312
743100 0.106734 0.121414 0.318528
744100 0.103002 0.118566 0.324084
745100 0.108378 0.127354 0.329465
746100 0.109836 0.126508 0.337344
747100 0.109005 0.122096 0.329937
748100 0.107362 0.123961 0.323695
749100 0.120571 0.123144 0.328966
750100 0.108103 0.121567 0.354490
751100 0.114095 0.124514 0.331428
752100 0.105648 0.120344 0.331771
753100 0.106741 0.122967 0.333236
754100 0.108059 0.128743 0.357323
755100 0.105109 0.121419 0.328787
756100 0.106495 0.122970 0.325636
757100 0.107673 0.124574 0.327370
758100 0.105576 0.121351 0.341252
759100 0.105980 0.122309 0.339141
760100 0.108338 0.125886 0.331640
761100 0.107667 0.125137 0.342338
762100 0.110118 0.125647 0.327925
763100 0.107198 0.122472 0.366667
764100 0.131605 0.198621 0.325403
765100 0.106230 0.123099 0.320698
766100 0.106998 0.123441 0.320939
767100 0.106716 0.135145 0.357705
768100 0.108714 0.124447 0.322421
769100 0.108246 0.122990 0.317477
770100 0.108521 0.124477 0.326418
771100 0.118788 0.126031 0.361473
772100 0.109777 0.125573 0.371400
773100 0.134922 0.131867 0.348490
774100 0.107389 0.124291 0.329664
775100 0.107452 0.124337 0.329176
776100 0.120453 0.149813 0.345391
777100 0.109784 0.133439 0.342602
778100 0.115162 0.129974 0.346068
779100 0.111713 0.128591 0.330761
780100 0.108987 0.124732 0.466533
781100 0.220467 0.135459 0.321997
782100 0.108411 0.124739 0.320155
783100 0.108942 0.124761 0.320453
784100 0.108263 0.124961 0.320987
785100 0.109271 0.125078 0.321267
786100 0.108512 0.125087 0.324300
787100 0.109659 0.126226 0.321012
788100 0.108872 0.125928 0.322659
789100 0.109059 0.126020 0.322570
790100 0.108811 0.126254 0.323895
791100 0.109172 0.126281 0.324788
792100 0.110053 0.127206 0.325448
793100 0.109952 0.126793 0.324919
794100 0.109686 0.126849 0.334252
795100 0.109754 0.126863 0.326542
796100 0.110772 0.127103 0.320667
797100 0.110199 0.127878 0.320548
798100 0.110518 0.127517 0.322144
799100 0.110881 0.127903 0.321640
800100 0.110536 0.127677 0.321957
801100 0.111060 0.128259 0.322053
802100 0.111186 0.128171 0.323822
803100 0.111115 0.128742 0.322642
804100 0.111281 0.129174 0.322709
805100 0.111318 0.129139 0.323312
806100 0.111281 0.129047 0.323204
807100 0.111756 0.130228 0.323838
808100 0.112008 0.129356 0.323794
809100 0.112323 0.129545 0.324433
810100 0.112447 0.129820 0.337555
811100 0.112083 0.130044 0.339405
812100 0.112465 0.129926 0.339264
813100 0.112472 0.130087 0.339453
814100 0.116354 0.130191 0.339399
815100 0.112656 0.130870 0.340111
816100 0.112775 0.130587 0.351181
817100 0.118554 0.130735 0.340163
818100 0.114684 0.130988 0.339885
819100 0.113168 0.131064 0.340506
820100 0.113721 0.131503 0.340082
821100 0.113877 0.131723 0.340923
822100 0.113564 0.131801 0.340871
823100 0.115058 0.138689 0.343664
824100 0.114204 0.132785 0.342837
825100 0.114213 0.132296 0.341871
826100 0.114605 0.132848 0.336337
827100 0.114683 0.133387 0.334092
828100 0.114605 0.133004 0.334674
829100 0.114866 0.132947 0.335170
830100 0.115204 0.133230 0.335323
831100 0.114845 0.133464 0.336577
832100 0.115096 0.133614 0.335991
833100 0.115396 0.134153 0.353494
834100 0.115652 0.134240 0.352370
835100 0.115998 0.134214 0.353363
836100 0.116548 0.134539 0.354814
837100 0.117116 0.134953 0.354271
838100 0.116161 0.135515 0.356751
839100 0.116268 0.135229 0.357366
840100 0.117030 0.136187 0.356885
841100 0.117041 0.135665 0.357234
842100 0.116977 0.135570 0.357578
843100 0.117493 0.136022 0.360309
844100 0.117088 0.136245 0.359032
845100 0.117247 0.136237 0.366004
846100 0.117780 0.136399 0.359648
847100 0.119084 0.137673 0.360796
848100 0.117634 0.136498 0.361656
849100 0.118452 0.137032 0.362990
850100 0.118368 0.137396 0.362292
851100 0.118441 0.137949 0.363781
852100 0.119101 0.142232 0.365312
853100 0.120049 0.138345 0.365457
854100 0.118887 0.138091 0.366230
855100 0.118753 0.138370 0.366408
856100 0.119202 0.138515 0.366381
857100 0.118825 0.138614 0.367676
858100 0.119193 0.138869 0.368063
859100 0.119409 0.138908 0.373339
860100 0.119716 0.139102 0.368101
861100 0.120113 0.139758 0.401070
862100 0.120265 0.140798 0.376584
863100 0.120371 0.140142 0.376287
864100 0.120524 0.140530 0.375978
865100 0.120858 0.140087 0.379888
866100 0.125982 0.152378 0.409724
867100 0.121756 0.141536 0.390310
868100 0.122006 0.141086 0.378926
869100 0.140173 0.142211 0.402612
870100 0.122716 0.142345 0.404200
871100 0.125313 0.145326 0.407907
872100 0.126829 0.146216 0.412765
873100 0.122692 0.148706 0.483964
874100 0.123177 0.168647 0.406850
875100 0.122265 0.142232 0.386969
876100 0.122652 0.142151 0.405438
877100 0.135755 0.147241 0.408526
878100 0.123633 0.165217 0.422169
879100 0.123855 0.145626 0.409239
880100 0.124228 0.144967 0.408549
881100 0.124601 0.143962 0.434071
882100 0.128345 0.145324 0.407766
883100 0.125545 0.144508 0.412337
884100 0.126450 0.144862 0.396568
885100 0.124486 0.146215 0.404398
886100 0.124655 0.145394 0.399866
887100 0.124838 0.145130 0.395207
888100 0.126376 0.146468 0.420293
889100 0.125558 0.147479 0.407066
890100 0.125006 0.145744 0.403118
891100 0.125024 0.145682 0.393186
892100 0.125605 0.148353 0.423296
893100 0.126624 0.147958 0.410968
894100 0.125668 0.146553 0.406267
895100 0.126803 0.147098 0.397667
896100 0.128927 0.148216 0.398491
897100 0.126975 0.150042 0.392303
898100 0.130120 0.150271 0.408267
899100 0.130444 0.151100 0.409200
900100 0.128893 0.150293 0.399054
901100 0.131417 0.150526 0.401605
902100 0.126744 0.147544 0.412950
903100 0.129792 0.150047 0.404746
904100 0.127259 0.148427 0.404018
905100 0.127921 0.150066 0.417071
906100 0.127151 0.153862 0.424311
907100 0.141983 0.163888 0.487791
908100 0.135936 0.150194 0.411000
909100 0.131822 0.150188 0.426042
910100 0.132143 0.158484 0.429115
911100 0.128907 0.149763 0.420931
912100 0.128096 0.149404 0.399883
913100 0.127412 0.151333 0.395568
914100 0.132204 0.153161 0.405200
915100 0.130880 0.150860 0.410802
916100 0.130592 0.157815 0.414458
917100 0.131195 0.150193 0.393747
918100 0.129316 0.150135 0.399307
919100 0.129642 0.152060 0.395635
920100 0.129924 0.151372 0.391408
921100 0.142102 0.163857 0.409216
922100 0.133752 0.150699 0.404022
923100 0.131899 0.155121 0.406785
924100 0.129743 0.150933 0.406745
925100 0.131624 0.152435 0.412104
926100 0.133713 0.151974 0.403036
927100 0.130221 0.151799 0.417939
928100 0.130706 0.155773 0.442468
929100 0.130481 0.152015 0.463919
930100 0.134011 0.157353 0.447345
931100 0.131218 0.153854 0.447605
932100 0.131880 0.158685 0.464100
933100 0.137227 0.171113 0.485896
934100 0.133994 0.157850 0.502966
935100 0.135485 0.155974 0.480504
936100 0.133803 0.156020 0.463610
937100 0.133665 0.160543 0.486707
938100 0.141912 0.157565 0.456145
939100 0.132987 0.155280 0.429654
940100 0.132661 0.154417 0.476074
941100 0.135945 0.156013 0.461305
942100 0.133065 0.161139 0.454256
943100 0.138192 0.165072 0.453650
944100 0.136268 0.157696 0.481941
945100 0.134281 0.173390 0.488078
946100 0.135224 0.161811 0.470868
947100 0.134862 0.160310 0.453775
948100 0.138091 0.158935 0.460468
949100 0.137073 0.159486 0.464491
950100 0.138258 0.158658 0.500113
951100 0.140915 0.161018 0.459720
952100 0.136452 0.161875 0.487819
953100 0.136006 0.159585 0.474097
954100 0.137137 0.160752 0.475032
955100 0.135979 0.174874 0.500269
956100 0.139662 0.164733 0.488386
957100 0.135424 0.158463 0.507903
958100 0.140737 0.161757 0.490516
959100 0.137247 0.160189 0.489175
960100 0.136675 0.159556 0.466359
961100 0.136138 0.159200 0.463456
962100 0.135731 0.160210 0.475854
963100 0.147032 0.180729 0.522155
964100 0.138025 0.163375 0.459847
965100 0.137385 0.160463 0.435237
966100 0.138648 0.160689 0.424254
967100 0.136049 0.159028 0.457922
968100 0.153419 0.173269 0.433901
969100 0.136852 0.159904 0.426983
970100 0.136554 0.159807 0.424150
971100 0.136974 0.160358 0.460811
972100 0.160546 0.189701 0.439850
973100 0.137645 0.161360 0.441025
974100 0.140488 0.165150 0.456117
975100 0.137597 0.165951 0.439738
976100 0.137331 0.161261 0.424618
977100 0.137794 0.160967 0.436048
978100 0.137007 0.161513 0.426401
979100 0.138174 0.161705 0.429527
980100 0.138264 0.161826 0.428171
981100 0.138214 0.161459 0.450107
982100 0.140282 0.164260 0.432695
983100 0.141192 0.163922 0.463274
984100 0.141671 0.166425 0.457807
985100 0.139211 0.163320 0.443088
986100 0.140465 0.165461 0.459210
987100 0.141711 0.193120 0.459723
988100 0.142238 0.163265 0.439234
989100 0.142106 0.168914 0.463762
990100 0.144479 0.167718 0.463678
991100 0.142846 0.163352 0.467631
992100 0.143600 0.168705 0.468397
993100 0.144182 0.166657 0.464376
994100 0.142138 0.167005 0.468015
995100 0.141788 0.168025 0.449910
996100 0.150249 0.176010 0.463060
997100 0.141915 0.168549 0.459314
998100 0.145304 0.169194 0.468628
999100 0.145872 0.169998 0.475235
