100 0.000003 0.000002 0.000002
1100 0.000052 0.000029 0.000023
2100 0.000104 0.000051 0.000046
3100 0.000158 0.000116 0.000070
4100 0.000222 0.000128 0.000109
5100 0.000272 0.000198 0.000133
6100 0.000341 0.000213 0.000170
7100 0.000411 0.000247 0.000205
8100 0.000450 0.000260 0.000372
9100 0.000514 0.000307 0.000273
10100 0.000571 0.000359 0.000318
11100 0.000629 0.000403 0.000348
12100 0.000701 0.000434 0.000369
13100 0.000750 0.000445 0.000416
14100 0.000812 0.000503 0.000457
15100 0.000881 0.000543 0.000504
16100 0.001005 0.000576 0.000555
17100 0.001039 0.000606 0.000629
18100 0.001091 0.000699 0.000630
19100 0.001131 0.000724 0.000662
20100 0.001222 0.000954 0.000692
21100 0.001258 0.000773 0.000756
22100 0.001329 0.000817 0.000788
23100 0.001406 0.000852 0.000764
24100 0.001547 0.000895 0.000788
25100 0.001530 0.000966 0.000833
26100 0.001615 0.000963 0.000911
27100 0.001672 0.001033 0.000927
28100 0.001734 0.001078 0.000940
29100 0.001806 0.001123 0.001044
30100 0.001869 0.001163 0.001086
31100 0.001958 0.001206 0.001145
32100 0.002042 0.001270 0.001149
33100 0.002104 0.001258 0.001196
34100 0.002148 0.001303 0.001272
35100 0.002213 0.001402 0.001254
36100 0.002256 0.001405 0.001315
37100 0.002354 0.001454 0.001387
38100 0.002379 0.001541 0.001389
39100 0.002460 0.001507 0.001422
40100 0.002675 0.001553 0.001466
41100 0.002638 0.001583 0.001536
42100 0.002694 0.001644 0.001558
43100 0.002840 0.001718 0.001610
44100 0.002857 0.001829 0.001635
45100 0.002899 0.001770 0.001688
46100 0.002979 0.001852 0.001749
47100 0.002995 0.001910 0.001816
48100 0.003233 0.001918 0.001846
49100 0.003171 0.002140 0.001903
50100 0.003227 0.002005 0.001911
51100 0.003363 0.002083 0.001951
52100 0.003346 0.002185 0.001977
53100 0.003509 0.002144 0.002065
54100 0.003479 0.002191 0.002090
55100 0.003584 0.002369 0.002106
56100 0.003783 0.002299 0.002137
57100 0.003662 0.002476 0.002211
58100 0.003778 0.002416 0.002221
59100 0.003875 0.002385 0.002299
60100 0.003929 0.002469 0.002313
61100 0.004093 0.002485 0.002358
62100 0.004091 0.002630 0.002388
63100 0.004295 0.002566 0.002535
64100 0.004208 0.002687 0.002473
65100 0.004283 0.002685 0.002472
66100 0.004338 0.002833 0.002469
67100 0.004422 0.002687 0.002532
68100 0.004470 0.002708 0.002710
69100 0.004591 0.002716 0.002667
70100 0.004644 0.002837 0.002950
71100 0.004880 0.002997 0.002711
72100 0.004794 0.003186 0.002709
73100 0.004934 0.003055 0.002855
74100 0.004923 0.003087 0.002811
75100 0.005001 0.003075 0.002847
76100 0.005054 0.003289 0.002933
77100 0.005234 0.003309 0.002971
78100 0.005235 0.003258 0.003025
79100 0.005384 0.003308 0.003011
80100 0.005466 0.003316 0.003219
81100 0.005454 0.003340 0.003250
82100 0.005528 0.003481 0.003146
83100 0.005535 0.003561 0.003229
84100 0.005613 0.003532 0.003226
85100 0.005872 0.003503 0.003420
86100 0.005769 0.003688 0.003490
87100 0.005878 0.003847 0.003375
88100 0.005930 0.003834 0.003448
89100 0.006049 0.003732 0.003472
90100 0.006058 0.003795 0.003537
91100 0.006312 0.003719 0.003559
92100 0.006260 0.003874 0.003606
93100 0.006295 0.003868 0.003744
94100 0.006456 0.003943 0.003715
95100 0.006603 0.004168 0.003727
96100 0.006485 0.004113 0.003795
97100 0.006692 0.004232 0.003887
98100 0.006655 0.004305 0.003873
99100 0.006742 0.004138 0.003898
100100 0.006788 0.004214 0.003967
101100 0.006987 0.004365 0.003992
102100 0.008111 0.005527 0.004049
103100 0.007028 0.004478 0.004128
104100 0.007118 0.004575 0.004109
105100 0.007294 0.004618 0.004335
106100 0.007234 0.004652 0.004191
107100 0.007377 0.004512 0.004280
108100 0.007386 0.004779 0.004376
109100 0.007490 0.004731 0.004360
110100 0.007578 0.004729 0.004558
111100 0.007602 0.004702 0.004436
112100 0.007932 0.004879 0.004626
113100 0.007863 0.004868 0.004717
114100 0.007885 0.004981 0.004724
115100 0.008028 0.004974 0.004742
116100 0.008371 0.005279 0.004804
117100 0.008121 0.005236 0.004742
118100 0.008091 0.005042 0.004833
119100 0.008269 0.005165 0.004876
120100 0.008308 0.005179 0.004892
121100 0.008343 0.005195 0.004929
122100 0.008454 0.005335 0.005064
123100 0.008690 0.005318 0.005241
124100 0.008823 0.005410 0.005313
125100 0.008651 0.005425 0.005103
126100 0.008804 0.005424 0.005172
127100 0.008842 0.005687 0.005244
128100 0.009019 0.005555 0.005226
129100 0.008973 0.005593 0.005338
130100 0.009148 0.005574 0.005385
131100 0.009319 0.005778 0.005450
132100 0.009193 0.005709 0.005412
133100 0.009329 0.005757 0.005527
134100 0.009443 0.006017 0.005538
135100 0.009529 0.005866 0.005582
136100 0.009565 0.005882 0.005697
137100 0.009567 0.005903 0.005737
138100 0.009749 0.005899 0.005837
139100 0.009779 0.005816 0.005835
140100 0.009789 0.006127 0.005841
141100 0.009989 0.006044 0.005957
142100 0.012381 0.006332 0.006106
143100 0.010515 0.006484 0.006139
144100 0.010321 0.006573 0.006612
145100 0.010324 0.006514 0.006148
146100 0.010456 0.006639 0.006386
147100 0.010495 0.006529 0.006135
148100 0.010541 0.006595 0.006296
149100 0.010625 0.006551 0.006348
150100 0.010623 0.006703 0.006393
151100 0.010703 0.006563 0.006407
152100 0.010765 0.006697 0.006527
153100 0.010799 0.006829 0.006591
154100 0.011104 0.006880 0.006691
155100 0.010976 0.007091 0.006611
156100 0.011106 0.006772 0.006709
157100 0.011162 0.006902 0.006773
158100 0.011251 0.007176 0.006684
159100 0.011434 0.007313 0.006846
160100 0.011368 0.007173 0.006929
161100 0.011515 0.007253 0.006940
162100 0.011479 0.007330 0.007034
163100 0.011618 0.007225 0.006944
164100 0.011688 0.007182 0.007038
165100 0.011783 0.007369 0.007036
166100 0.011780 0.007288 0.007004
167100 0.011775 0.007411 0.007203
168100 0.011948 0.007343 0.007110
169100 0.012080 0.007558 0.007239
170100 0.012143 0.007912 0.007516
171100 0.012389 0.007656 0.007552
172100 0.012283 0.007609 0.007493
173100 0.012325 0.007763 0.007643
174100 0.012397 0.007956 0.007620
175100 0.012449 0.008108 0.007762
176100 0.012553 0.007957 0.007771
177100 0.012618 0.007968 0.008275
178100 0.014984 0.009909 0.010115
179100 0.013008 0.008061 0.009251
180100 0.014941 0.008225 0.008330
181100 0.013849 0.008447 0.008291
182100 0.014375 0.008457 0.008094
183100 0.013225 0.008142 0.008137
184100 0.013359 0.008431 0.008158
185100 0.013209 0.008334 0.008143
186100 0.013483 0.008773 0.008225
187100 0.013492 0.008572 0.008378
188100 0.013671 0.008391 0.008237
189100 0.015017 0.009803 0.008672
190100 0.014233 0.008663 0.008406
191100 0.014152 0.008638 0.008627
192100 0.013828 0.008793 0.008413
193100 0.014283 0.009003 0.008578
194100 0.014219 0.008637 0.008728
195100 0.014302 0.008846 0.008690
196100 0.014062 0.008843 0.008716
197100 0.014299 0.008879 0.008715
198100 0.014381 0.009016 0.008871
199100 0.014426 0.009006 0.008623
200100 0.014368 0.008910 0.008963
201100 0.014471 0.009283 0.008772
202100 0.014419 0.008930 0.008846
203100 0.014719 0.009096 0.008885
204100 0.015245 0.009871 0.009469
205100 0.015226 0.009387 0.009243
206100 0.014893 0.009536 0.009271
207100 0.015039 0.009561 0.009426
208100 0.015127 0.009757 0.009350
209100 0.015151 0.009432 0.009624
210100 0.015178 0.010659 0.009548
211100 0.015365 0.009922 0.009645
212100 0.015530 0.009762 0.009649
213100 0.015504 0.010419 0.009659
214100 0.015709 0.009673 0.009689
215100 0.015421 0.010169 0.009452
216100 0.015784 0.009844 0.009605
217100 0.015726 0.009823 0.009908
218100 0.015758 0.009974 0.009917
219100 0.015852 0.009897 0.009787
220100 0.016006 0.010255 0.010165
221100 0.017381 0.010698 0.010646
222100 0.016657 0.009939 0.010825
223100 0.016600 0.010519 0.010375
224100 0.016500 0.011865 0.011891
225100 0.016599 0.010564 0.010806
226100 0.019461 0.010691 0.010773
227100 0.016997 0.012166 0.011838
228100 0.017531 0.013526 0.012861
229100 0.022060 0.019820 0.019807
230100 0.031042 0.013085 0.012573
231100 0.018422 0.017677 0.019768
232100 0.020310 0.016721 0.026889
233100 0.036215 0.014046 0.013299
234100 0.020502 0.011839 0.013517
235100 0.018925 0.011475 0.011654
236100 0.019569 0.011352 0.013154
237100 0.018536 0.011643 0.011916
238100 0.018384 0.011578 0.011388
239100 0.019357 0.016240 0.014827
240100 0.018869 0.011053 0.013413
241100 0.022538 0.012912 0.013531
242100 0.020464 0.011223 0.012236
243100 0.018129 0.011729 0.011121
244100 0.017808 0.011318 0.011199
245100 0.018158 0.011733 0.013243
246100 0.022386 0.013463 0.012573
247100 0.021313 0.012544 0.013281
248100 0.018714 0.011647 0.011933
249100 0.020293 0.013091 0.014368
250100 0.019981 0.012134 0.011719
251100 0.018593 0.014254 0.012135
252100 0.019006 0.011952 0.012412
253100 0.019036 0.011940 0.012681
254100 0.018878 0.012390 0.012080
255100 0.018812 0.012042 0.011887
256100 0.018884 0.011879 0.012183
257100 0.018967 0.011963 0.012388
258100 0.019330 0.012044 0.012079
259100 0.019140 0.011913 0.012194
260100 0.019133 0.012084 0.012395
261100 0.019516 0.013077 0.014048
262100 0.019730 0.012536 0.012599
263100 0.019666 0.012271 0.012490
264100 0.019838 0.012624 0.013100
265100 0.020077 0.012388 0.012925
266100 0.019929 0.012228 0.013062
267100 0.020445 0.012513 0.012607
268100 0.020153 0.012465 0.013128
269100 0.019717 0.012516 0.012969
270100 0.020112 0.012463 0.012572
271100 0.019911 0.012607 0.012915
272100 0.020368 0.014889 0.013957
273100 0.020510 0.012840 0.013622
274100 0.021584 0.012674 0.014114
275100 0.020702 0.012702 0.013354
276100 0.020629 0.013095 0.013265
277100 0.020873 0.013175 0.013360
278100 0.021103 0.013135 0.013426
279100 0.023278 0.013518 0.013092
280100 0.020821 0.012987 0.013536
281100 0.021064 0.013712 0.013933
282100 0.021991 0.013409 0.013956
283100 0.021494 0.013218 0.014114
284100 0.021674 0.013617 0.013990
285100 0.021550 0.013463 0.014032
286100 0.021684 0.013504 0.014113
287100 0.021679 0.013394 0.015530
288100 0.021531 0.013215 0.013841
289100 0.021483 0.013984 0.015293
290100 0.021801 0.014101 0.014360
291100 0.021939 0.013894 0.014359
292100 0.022301 0.014313 0.015107
293100 0.022593 0.014016 0.014385
294100 0.022094 0.013976 0.014671
295100 0.022076 0.014349 0.014822
296100 0.023623 0.014873 0.015785
297100 0.024093 0.013965 0.014834
298100 0.029556 0.015614 0.017558
299100 0.022612 0.014245 0.014856
300100 0.023832 0.013808 0.014646
301100 0.024242 0.013940 0.014937
302100 0.023271 0.014161 0.015018
303100 0.023142 0.015185 0.016003
304100 0.023325 0.013954 0.014726
305100 0.023358 0.013984 0.014746
306100 0.022982 0.014356 0.015701
307100 0.023062 0.014475 0.014721
308100 0.025384 0.015962 0.015006
309100 0.023072 0.014423 0.015110
310100 0.023132 0.014274 0.014908
311100 0.023525 0.014713 0.015064
312100 0.023298 0.014435 0.015233
313100 0.023471 0.014404 0.015232
314100 0.023469 0.014550 0.014946
315100 0.023242 0.017249 0.016026
316100 0.024311 0.015443 0.015625
317100 0.023651 0.015070 0.015470
318100 0.025580 0.015443 0.015938
319100 0.026003 0.015399 0.015789
320100 0.024645 0.015005 0.018975
321100 0.027251 0.015592 0.018670
322100 0.027848 0.018718 0.018080
323100 0.025475 0.015347 0.016709
324100 0.025111 0.015122 0.016279
325100 0.025008 0.015938 0.016293
326100 0.025116 0.016147 0.017461
327100 0.025327 0.015799 0.016589
328100 0.025146 0.015507 0.016613
329100 0.025091 0.016645 0.016543
330100 0.024927 0.015635 0.016375
331100 0.025090 0.015747 0.016945
332100 0.024903 0.016277 0.017310
333100 0.025331 0.015750 0.017331
334100 0.027116 0.016661 0.017167
335100 0.025484 0.016339 0.017192
336100 0.025661 0.016667 0.016882
337100 0.025727 0.016020 0.017244
338100 0.025690 0.016216 0.017511
339100 0.027800 0.016177 0.022048
340100 0.026838 0.019108 0.022390
341100 0.033413 0.016848 0.017255
342100 0.025980 0.017391 0.017477
343100 0.026197 0.016886 0.017681
344100 0.026272 0.016303 0.017648
345100 0.027052 0.016895 0.017511
346100 0.026417 0.017237 0.017343
347100 0.026876 0.016436 0.017207
348100 0.026621 0.016501 0.017697
349100 0.026739 0.017151 0.018047
350100 0.026922 0.017108 0.018076
351100 0.026600 0.016578 0.018043
352100 0.026839 0.016482 0.018085
353100 0.027224 0.016486 0.017743
354100 0.027145 0.016891 0.018226
355100 0.027062 0.017067 0.018395
356100 0.027124 0.017286 0.018352
357100 0.027392 0.017675 0.018415
358100 0.027531 0.017154 0.018442
359100 0.027794 0.017620 0.018665
360100 0.027971 0.017457 0.019813
361100 0.028138 0.017527 0.018519
362100 0.027459 0.017340 0.018424
363100 0.029125 0.017676 0.018724
364100 0.028308 0.018222 0.019196
365100 0.027690 0.017732 0.018533
366100 0.028128 0.017532 0.021216
367100 0.027393 0.017261 0.018367
368100 0.028982 0.017875 0.019414
369100 0.028335 0.017702 0.018756
370100 0.028048 0.017451 0.019032
371100 0.028381 0.019189 0.019343
372100 0.028304 0.017677 0.019366
373100 0.028377 0.018233 0.019930
374100 0.028623 0.018111 0.019501
375100 0.029026 0.017993 0.019989
376100 0.028824 0.018103 0.019605
377100 0.028982 0.019027 0.020411
378100 0.029219 0.017801 0.019527
379100 0.028937 0.018383 0.019943
380100 0.028838 0.018142 0.019990
381100 0.032998 0.018110 0.019406
382100 0.029380 0.018446 0.020428
383100 0.029279 0.018178 0.020075
384100 0.029639 0.018389 0.020564
385100 0.029335 0.019568 0.019728
386100 0.029180 0.018411 0.019701
387100 0.029649 0.018680 0.020041
388100 0.029892 0.018154 0.020544
389100 0.029972 0.018784 0.020283
390100 0.029897 0.019010 0.021328
391100 0.030051 0.019061 0.020600
392100 0.030156 0.020249 0.020479
393100 0.030677 0.018938 0.022133
394100 0.031856 0.018531 0.020931
395100 0.030161 0.018746 0.021576
396100 0.030086 0.019265 0.020744
397100 0.030394 0.019770 0.021084
398100 0.030820 0.019504 0.020751
399100 0.032337 0.021280 0.023397
400100 0.032337 0.021518 0.022441
401100 0.032343 0.019772 0.021894
402100 0.031982 0.021463 0.022999
403100 0.031912 0.021111 0.020524
404100 0.031699 0.019154 0.021071
405100 0.030856 0.019536 0.020648
406100 0.032824 0.020027 0.025647
407100 0.032038 0.021303 0.023977
408100 0.034052 0.022285 0.022165
409100 0.031549 0.020046 0.020833
410100 0.031374 0.019824 0.021247
411100 0.031737 0.020406 0.022361
412100 0.031800 0.020137 0.022020
413100 0.033378 0.023661 0.026023
414100 0.032356 0.021542 0.026035
415100 0.033010 0.019953 0.021782
416100 0.032110 0.020361 0.021805
417100 0.032203 0.020140 0.022142
418100 0.032272 0.020851 0.022017
419100 0.032192 0.020005 0.021931
420100 0.032542 0.021045 0.022557
421100 0.033070 0.020527 0.022474
422100 0.032907 0.020402 0.022342
423100 0.033011 0.020326 0.022118
424100 0.032672 0.020431 0.022596
425100 0.032344 0.023008 0.025305
426100 0.034590 0.024138 0.022637
427100 0.034060 0.022235 0.025669
428100 0.036003 0.021639 0.023159
429100 0.033077 0.021480 0.022698
430100 0.035170 0.023953 0.023455
431100 0.036176 0.021683 0.024291
432100 0.033931 0.024590 0.024275
433100 0.033890 0.021680 0.023659
434100 0.033685 0.021129 0.023229
435100 0.034359 0.021600 0.023560
436100 0.033903 0.021708 0.022765
437100 0.033671 0.021728 0.023269
438100 0.033688 0.021363 0.023779
439100 0.033664 0.021019 0.022981
440100 0.034954 0.021408 0.025149
441100 0.034335 0.021505 0.023437
442100 0.035075 0.021579 0.024296
443100 0.034683 0.021246 0.024630
444100 0.036566 0.022226 0.023064
445100 0.034400 0.022070 0.023685
446100 0.034961 0.023422 0.027894
447100 0.037158 0.023320 0.024770
448100 0.038039 0.021943 0.026665
449100 0.034916 0.027557 0.026083
450100 0.056577 0.033568 0.030953
451100 0.038339 0.024738 0.023829
452100 0.035049 0.021917 0.024098
453100 0.035088 0.023355 0.025164
454100 0.035289 0.022507 0.024704
455100 0.035198 0.022890 0.025314
456100 0.035836 0.023312 0.025025
457100 0.035996 0.022691 0.025170
458100 0.036171 0.022515 0.024641
459100 0.040473 0.026605 0.025537
460100 0.035554 0.022349 0.025425
461100 0.036224 0.023259 0.025968
462100 0.037087 0.022652 0.026554
463100 0.041436 0.024136 0.024373
464100 0.035833 0.023004 0.024371
465100 0.035828 0.022795 0.026065
466100 0.036215 0.023189 0.025060
467100 0.036404 0.023426 0.025844
468100 0.036622 0.022904 0.025090
469100 0.037773 0.023581 0.027384
470100 0.036600 0.023530 0.026502
471100 0.036827 0.026476 0.028252
472100 0.037236 0.024395 0.025367
473100 0.037079 0.023190 0.026215
474100 0.036530 0.023751 0.025217
475100 0.036485 0.022911 0.025347
476100 0.036840 0.023985 0.027142
477100 0.037365 0.023201 0.026138
478100 0.037208 0.024904 0.025930
479100 0.036924 0.023739 0.026572
480100 0.037608 0.023668 0.026370
481100 0.037431 0.023100 0.026652
482100 0.037867 0.023504 0.026295
483100 0.037130 0.024344 0.026638
484100 0.037933 0.024304 0.026262
485100 0.037604 0.023756 0.026492
486100 0.037459 0.023732 0.026728
487100 0.037439 0.023465 0.025694
488100 0.037417 0.023683 0.025918
489100 0.037550 0.023788 0.026062
490100 0.037464 0.023854 0.026677
491100 0.037437 0.023940 0.026440
492100 0.037680 0.024143 0.026329
493100 0.037752 0.023888 0.026469
494100 0.038385 0.023925 0.026829
495100 0.037971 0.024423 0.026888
496100 0.038125 0.024373 0.026537
497100 0.038197 0.024631 0.026674
498100 0.038945 0.024963 0.029469
499100 0.040843 0.025128 0.030707
500100 0.041067 0.024643 0.028137
501100 0.039621 0.030043 0.030650
502100 0.039275 0.025727 0.032282
503100 0.045011 0.029280 0.028549
504100 0.038947 0.025478 0.026812
505100 0.038628 0.025040 0.027587
506100 0.039047 0.024803 0.027970
507100 0.039028 0.024780 0.028170
508100 0.039184 0.024656 0.027600
509100 0.039021 0.024945 0.027612
510100 0.039434 0.024895 0.028792
511100 0.039745 0.025339 0.027985
512100 0.039471 0.024932 0.028020
513100 0.039767 0.024763 0.027751
514100 0.039543 0.025559 0.027647
515100 0.039496 0.024941 0.028164
516100 0.039772 0.024880 0.028343
517100 0.039778 0.024874 0.028045
518100 0.039859 0.025244 0.028066
519100 0.041766 0.032270 0.028585
520100 0.045364 0.026060 0.029232
521100 0.040517 0.025698 0.029024
522100 0.040951 0.025666 0.029341
523100 0.040669 0.025799 0.030994
524100 0.041027 0.025714 0.029388
525100 0.040376 0.025126 0.029272
526100 0.040706 0.025521 0.029239
527100 0.041129 0.025459 0.029708
528100 0.040955 0.025284 0.029895
529100 0.041117 0.025804 0.030104
530100 0.041270 0.025903 0.029565
531100 0.043304 0.026327 0.029980
532100 0.041635 0.026123 0.029565
533100 0.041993 0.025590 0.029845
534100 0.041844 0.025715 0.029484
535100 0.041692 0.025778 0.029505
536100 0.043527 0.025949 0.029547
537100 0.041451 0.025610 0.029661
538100 0.041698 0.025951 0.028760
539100 0.041682 0.026085 0.029432
540100 0.041783 0.025901 0.029940
541100 0.041817 0.025710 0.030136
542100 0.042445 0.027910 0.029703
543100 0.042257 0.025922 0.029791
544100 0.042418 0.026187 0.030202
545100 0.042173 0.025750 0.030092
546100 0.042495 0.026410 0.029868
547100 0.042580 0.026363 0.030233
548100 0.042412 0.026326 0.030580
549100 0.042256 0.026548 0.030042
550100 0.042580 0.026076 0.029670
551100 0.042723 0.026907 0.030480
552100 0.043642 0.026471 0.030896
553100 0.043392 0.026475 0.030625
554100 0.042745 0.026785 0.029656
555100 0.043019 0.026165 0.030155
556100 0.046995 0.026964 0.030875
557100 0.047226 0.031646 0.034468
558100 0.045448 0.030978 0.030627
559100 0.044757 0.029135 0.031306
560100 0.045627 0.027387 0.031134
561100 0.043889 0.030731 0.034157
562100 0.044037 0.027695 0.031260
563100 0.045150 0.027678 0.031537
564100 0.043875 0.028324 0.032118
565100 0.044618 0.027765 0.033207
566100 0.045744 0.029027 0.034178
567100 0.044931 0.028588 0.031231
568100 0.044448 0.027833 0.032256
569100 0.045373 0.028332 0.032220
570100 0.044916 0.028604 0.031880
571100 0.045685 0.028564 0.035072
572100 0.048438 0.029701 0.032695
573100 0.045781 0.031251 0.032661
574100 0.048759 0.028884 0.035683
575100 0.045996 0.032121 0.036757
576100 0.047787 0.029096 0.032790
577100 0.045525 0.029022 0.033571
578100 0.049158 0.031966 0.032253
579100 0.046367 0.028726 0.032247
580100 0.045400 0.028611 0.032698
581100 0.050011 0.029280 0.032099
582100 0.049319 0.028766 0.031575
583100 0.045493 0.029831 0.033587
584100 0.045973 0.028741 0.033224
585100 0.047122 0.028833 0.034598
586100 0.046007 0.029091 0.035384
587100 0.046398 0.028711 0.033126
588100 0.053413 0.034529 0.035103
589100 0.046711 0.029525 0.032523
590100 0.046483 0.029514 0.032897
591100 0.046672 0.029306 0.033925
592100 0.047459 0.029535 0.032700
593100 0.046097 0.030058 0.036189
594100 0.047093 0.036364 0.037970
595100 0.049884 0.030619 0.035521
596100 0.046935 0.032425 0.033561
597100 0.046597 0.031052 0.034470
598100 0.050191 0.035581 0.039352
599100 0.050693 0.029214 0.032439
600100 0.049810 0.032633 0.044214
601100 0.053714 0.030210 0.033000
602100 0.046955 0.031626 0.045573
603100 0.065529 0.030425 0.033138
604100 0.047422 0.033053 0.034147
605100 0.047569 0.030006 0.033549
606100 0.047533 0.030168 0.036551
607100 0.048769 0.030742 0.035201
608100 0.048890 0.030962 0.035126
609100 0.048580 0.030708 0.034087
610100 0.048626 0.030128 0.035990
611100 0.049085 0.031083 0.035061
612100 0.049722 0.030631 0.042440
613100 0.048440 0.030873 0.034745
614100 0.048299 0.030491 0.035491
615100 0.048742 0.031306 0.035970
616100 0.048620 0.030955 0.034479
617100 0.048584 0.030317 0.034965
618100 0.049904 0.031094 0.035477
619100 0.049257 0.031326 0.038268
620100 0.049501 0.030719 0.035454
621100 0.050644 0.032152 0.035415
622100 0.050050 0.031111 0.037864
623100 0.052548 0.037471 0.045260
624100 0.053937 0.035849 0.039486
625100 0.049622 0.031158 0.036121
626100 0.050443 0.037444 0.043603
627100 0.049966 0.031156 0.036297
628100 0.053569 0.032021 0.046467
629100 0.063606 0.031168 0.042159
630100 0.075395 0.034382 0.036147
631100 0.051877 0.045856 0.053417
632100 0.054328 0.031844 0.038419
633100 0.059668 0.044445 0.038430
634100 0.053357 0.043714 0.037956
635100 0.055998 0.052834 0.065312
636100 0.050239 0.031386 0.036129
637100 0.050203 0.032294 0.035356
638100 0.050757 0.032173 0.035951
639100 0.050843 0.031772 0.035903
640100 0.049462 0.031802 0.034981
641100 0.049988 0.031454 0.035156
642100 0.050076 0.031868 0.035480
643100 0.050326 0.031306 0.035493
644100 0.049815 0.031381 0.036320
645100 0.051511 0.031703 0.036518
646100 0.050710 0.031775 0.040019
647100 0.051550 0.033001 0.040300
648100 0.056997 0.052513 0.038197
649100 0.059215 0.035708 0.037617
650100 0.051502 0.032772 0.035878
651100 0.054947 0.035911 0.045175
652100 0.055067 0.032161 0.043150
653100 0.058181 0.036781 0.046127
654100 0.055136 0.037992 0.042930
655100 0.055994 0.036149 0.038870
656100 0.054309 0.033362 0.039850
657100 0.056441 0.034201 0.040323
658100 0.051579 0.032821 0.036787
659100 0.052425 0.032902 0.037059
660100 0.052445 0.032492 0.037245
661100 0.051946 0.032127 0.039249
662100 0.055332 0.032598 0.037622
663100 0.052438 0.033763 0.038950
664100 0.053452 0.033198 0.039144
665100 0.054228 0.033379 0.040129
666100 0.052847 0.033802 0.038354
667100 0.057688 0.034245 0.038839
668100 0.054047 0.034713 0.038977
669100 0.053067 0.034253 0.039314
670100 0.053483 0.033057 0.037157
671100 0.053330 0.033456 0.036764
672100 0.052731 0.033351 0.038265
673100 0.053877 0.033743 0.037954
674100 0.053127 0.034333 0.039188
675100 0.053810 0.033987 0.039108
676100 0.056493 0.034216 0.040000
677100 0.055075 0.035107 0.039152
678100 0.055036 0.034708 0.041532
679100 0.055194 0.034520 0.039514
680100 0.053223 0.033730 0.037937
681100 0.054059 0.033558 0.038286
682100 0.053535 0.033654 0.037699
683100 0.053726 0.033948 0.037186
684100 0.054280 0.033886 0.036988
685100 0.054772 0.036079 0.041247
686100 0.054656 0.034876 0.037326
687100 0.054118 0.034623 0.038133
688100 0.054827 0.033946 0.038017
689100 0.054053 0.034507 0.038193
690100 0.054237 0.034982 0.038044
691100 0.054319 0.034370 0.038241
692100 0.053981 0.034239 0.038066
693100 0.054630 0.034613 0.038335
694100 0.055252 0.034348 0.038797
695100 0.054613 0.034525 0.037740
696100 0.054713 0.034053 0.040621
697100 0.054567 0.034748 0.038389
698100 0.054896 0.034588 0.038674
699100 0.055264 0.034383 0.038026
700100 0.054895 0.034761 0.040140
701100 0.054962 0.034820 0.038162
702100 0.055387 0.035126 0.038913
703100 0.055427 0.034927 0.038348
704100 0.055253 0.034708 0.039302
705100 0.055595 0.035371 0.038225
706100 0.055592 0.035393 0.039867
707100 0.056183 0.035567 0.039202
708100 0.055811 0.035615 0.039832
709100 0.055511 0.034702 0.039545
710100 0.056328 0.035358 0.040565
711100 0.056213 0.035720 0.039845
712100 0.055836 0.035450 0.039413
713100 0.056112 0.035339 0.039985
714100 0.056373 0.035491 0.039302
715100 0.056530 0.035916 0.040239
716100 0.056605 0.035449 0.039342
717100 0.056122 0.035137 0.040027
718100 0.056792 0.035516 0.040587
719100 0.057368 0.036067 0.040597
720100 0.056891 0.035914 0.045249
721100 0.061298 0.035523 0.041505
722100 0.057849 0.036378 0.041430
723100 0.057716 0.035868 0.041993
724100 0.057659 0.037196 0.041809
725100 0.057120 0.035977 0.041615
726100 0.057817 0.036615 0.042144
727100 0.057839 0.037352 0.042784
728100 0.059034 0.036186 0.041945
729100 0.058090 0.036341 0.041384
730100 0.059160 0.036685 0.047332
731100 0.058520 0.037025 0.043477
732100 0.061285 0.040443 0.051969
733100 0.061671 0.036527 0.044751
734100 0.061667 0.044487 0.049037
735100 0.068775 0.051448 0.061735
736100 0.060956 0.045258 0.042667
737100 0.062316 0.037336 0.042449
738100 0.058806 0.036922 0.042699
739100 0.058841 0.036538 0.048899
740100 0.062092 0.037269 0.043260
741100 0.058472 0.037430 0.041904
742100 0.062344 0.037249 0.045459
743100 0.059951 0.037950 0.045181
744100 0.059474 0.042187 0.044902
745100 0.061707 0.041705 0.049064
746100 0.087956 0.040662 0.044182
747100 0.060628 0.039534 0.050646
748100 0.065338 0.041393 0.051548
749100 0.074707 0.043391 0.056845
750100 0.073822 0.040338 0.052685
751100 0.063798 0.041108 0.057774
752100 0.090196 0.047997 0.055412
753100 0.060714 0.039737 0.044544
754100 0.065634 0.038051 0.041948
755100 0.059528 0.038565 0.043023
756100 0.059629 0.044397 0.044747
757100 0.062488 0.039610 0.047294
758100 0.071018 0.040551 0.044728
759100 0.062627 0.041978 0.048222
760100 0.066652 0.041459 0.043608
761100 0.062714 0.047013 0.056531
762100 0.065902 0.047516 0.086610
763100 0.064336 0.039608 0.048888
764100 0.065989 0.061324 0.064985
765100 0.075173 0.047336 0.053345
766100 0.062572 0.037873 0.044487
767100 0.062155 0.039040 0.044243
768100 0.061822 0.037942 0.044754
769100 0.063075 0.039548 0.044605
770100 0.061669 0.039024 0.044311
771100 0.061654 0.040276 0.046014
772100 0.066299 0.038497 0.051194
773100 0.063812 0.041980 0.044911
774100 0.061477 0.039034 0.048606
775100 0.063699 0.041164 0.047199
776100 0.062569 0.039508 0.045009
777100 0.064818 0.039661 0.044697
778100 0.061899 0.040545 0.044835
779100 0.061646 0.039000 0.044265
780100 0.062497 0.038485 0.045718
781100 0.061872 0.038850 0.045198
782100 0.063198 0.040108 0.045434
783100 0.062309 0.038860 0.043778
784100 0.062514 0.039117 0.045336
785100 0.065391 0.038985 0.048141
786100 0.064403 0.042584 0.047591
787100 0.065767 0.041553 0.047667
788100 0.066934 0.039448 0.045877
789100 0.065100 0.042242 0.048544
790100 0.063793 0.045015 0.046685
791100 0.063050 0.040880 0.051299
792100 0.064610 0.041245 0.044589
793100 0.063591 0.039757 0.046814
794100 0.064218 0.041841 0.048797
795100 0.077422 0.050396 0.049263
796100 0.065676 0.046268 0.064142
797100 0.072536 0.043660 0.052844
798100 0.064756 0.041106 0.047136
799100 0.065215 0.041629 0.048142
800100 0.064770 0.042211 0.046167
801100 0.064531 0.040575 0.045688
802100 0.067032 0.043169 0.047374
803100 0.064507 0.045374 0.057444
804100 0.064032 0.041083 0.045369
805100 0.064782 0.042197 0.053474
806100 0.070716 0.040704 0.046347
807100 0.066140 0.041201 0.046130
808100 0.065378 0.042287 0.046454
809100 0.064385 0.041520 0.045409
810100 0.069490 0.041217 0.046885
811100 0.064642 0.042324 0.053992
812100 0.071211 0.042000 0.048691
813100 0.065881 0.043131 0.047074
814100 0.065169 0.042562 0.047872
815100 0.068881 0.041510 0.047116
816100 0.066394 0.042187 0.048912
817100 0.065791 0.043848 0.048040
818100 0.065222 0.042074 0.049074
819100 0.067884 0.041733 0.047668
820100 0.065854 0.041536 0.048289
821100 0.066247 0.042149 0.047282
822100 0.067485 0.042863 0.048188
823100 0.066178 0.042517 0.048336
824100 0.066339 0.041589 0.049021
825100 0.065540 0.041594 0.047104
826100 0.067334 0.042814 0.049792
827100 0.065868 0.041875 0.047563
828100 0.066966 0.042245 0.050192
829100 0.066449 0.041635 0.047332
830100 0.065842 0.041718 0.047351
831100 0.065970 0.043984 0.048399
832100 0.066841 0.042258 0.047412
833100 0.066027 0.041715 0.048334
834100 0.066483 0.042535 0.046731
835100 0.066688 0.042247 0.048267
836100 0.067276 0.042229 0.047799
837100 0.067007 0.042244 0.048742
838100 0.066237 0.043042 0.046857
839100 0.066473 0.042057 0.048956
840100 0.066772 0.042943 0.047672
841100 0.072705 0.044395 0.050525
842100 0.069769 0.043059 0.050571
843100 0.068428 0.047047 0.052815
844100 0.071085 0.047320 0.051584
845100 0.068461 0.043589 0.051626
846100 0.071540 0.044380 0.050454
847100 0.068858 0.045140 0.051169
848100 0.069900 0.043550 0.060557
849100 0.075117 0.043343 0.051528
850100 0.069141 0.044179 0.050281
851100 0.068084 0.043380 0.064296
852100 0.080614 0.045086 0.050254
853100 0.068148 0.043197 0.051109
854100 0.068344 0.044383 0.055559
855100 0.068471 0.044231 0.048869
856100 0.068614 0.042870 0.050249
857100 0.067935 0.042776 0.048822
858100 0.068775 0.043978 0.050096
859100 0.068968 0.043101 0.048226
860100 0.068249 0.044058 0.050264
861100 0.068800 0.043908 0.065887
862100 0.072641 0.043741 0.054209
863100 0.071230 0.046988 0.061327
864100 0.077393 0.044402 0.050299
865100 0.069822 0.043949 0.050712
866100 0.070399 0.043699 0.049347
867100 0.069353 0.044233 0.050914
868100 0.070269 0.045810 0.050753
869100 0.070806 0.044453 0.052056
870100 0.070204 0.044796 0.051513
871100 0.072869 0.045828 0.052660
872100 0.069913 0.044062 0.050864
873100 0.079578 0.064403 0.053299
874100 0.070868 0.047814 0.052713
875100 0.069834 0.043732 0.051636
876100 0.071098 0.048985 0.055221
877100 0.071687 0.046329 0.061837
878100 0.078348 0.046357 0.054407
879100 0.072488 0.044044 0.050706
880100 0.071545 0.048812 0.067838
881100 0.088638 0.049307 0.053755
882100 0.074671 0.046652 0.055115
883100 0.076332 0.044935 0.054214
884100 0.079464 0.046997 0.059943
885100 0.076746 0.046674 0.059750
886100 0.083157 0.054434 0.057597
887100 0.073898 0.050339 0.058721
888100 0.074029 0.047424 0.053926
889100 0.077567 0.049297 0.066537
890100 0.076033 0.050034 0.059845
891100 0.082533 0.049398 0.058972
892100 0.077975 0.049024 0.057617
893100 0.079198 0.047937 0.057291
894100 0.076629 0.049738 0.053776
895100 0.075355 0.047184 0.056829
896100 0.075610 0.049367 0.056284
897100 0.074136 0.049986 0.061443
898100 0.075348 0.049092 0.057527
899100 0.074771 0.046590 0.056049
900100 0.074605 0.049131 0.057999
901100 0.076332 0.047167 0.053745
902100 0.076424 0.048140 0.054984
903100 0.074269 0.045976 0.052616
904100 0.080031 0.046698 0.056773
905100 0.077719 0.046305 0.053076
906100 0.080006 0.047096 0.055476
907100 0.074644 0.047252 0.052690
908100 0.077693 0.046754 0.057635
909100 0.079079 0.049417 0.053157
910100 0.077099 0.051085 0.070847
911100 0.080906 0.046702 0.054628
912100 0.075905 0.047436 0.060435
913100 0.075723 0.047332 0.055439
914100 0.075226 0.047139 0.056840
915100 0.091318 0.053972 0.061913
916100 0.075796 0.048168 0.054626
917100 0.078140 0.047417 0.053342
918100 0.073867 0.047114 0.052412
919100 0.081030 0.055401 0.055587
920100 0.087051 0.049811 0.058997
921100 0.076180 0.047334 0.057774
922100 0.076006 0.046483 0.053245
923100 0.075364 0.051788 0.057973
924100 0.077139 0.050045 0.058723
925100 0.081536 0.051077 0.063575
926100 0.076902 0.047340 0.054037
927100 0.077204 0.050346 0.055520
928100 0.077961 0.050587 0.055832
929100 0.078792 0.050782 0.059357
930100 0.077046 0.048198 0.058001
931100 0.082369 0.056339 0.057179
932100 0.074623 0.047595 0.055835
933100 0.075602 0.048695 0.055235
934100 0.075357 0.047687 0.056131
935100 0.078933 0.050129 0.055505
936100 0.078657 0.050052 0.057265
937100 0.080932 0.049479 0.056540
938100 0.076476 0.048689 0.059174
939100 0.079462 0.051003 0.060844
940100 0.079398 0.051337 0.061890
941100 0.078207 0.048219 0.060284
942100 0.079053 0.050465 0.063165
943100 0.078542 0.051408 0.063059
944100 0.076718 0.050151 0.061187
945100 0.083215 0.050759 0.061164
946100 0.077073 0.049584 0.061842
947100 0.079988 0.050168 0.059692
948100 0.079012 0.049777 0.057279
949100 0.077293 0.052918 0.056726
950100 0.076552 0.048714 0.056225
951100 0.076130 0.050286 0.059622
952100 0.076739 0.047998 0.054580
953100 0.078566 0.050476 0.058931
954100 0.082077 0.050414 0.058895
955100 0.081389 0.050062 0.059559
956100 0.079726 0.049633 0.058380
957100 0.080033 0.050794 0.057965
958100 0.078615 0.050209 0.062583
959100 0.077453 0.049167 0.064647
960100 0.078120 0.049173 0.057018
961100 0.077269 0.049124 0.056004
962100 0.077131 0.050376 0.061108
963100 0.081653 0.053354 0.057967
964100 0.083779 0.051309 0.061827
965100 0.081346 0.053004 0.061445
966100 0.081423 0.054007 0.059957
967100 0.077500 0.048886 0.061008
968100 0.082012 0.059739 0.065681
969100 0.083307 0.050751 0.063619
970100 0.083319 0.053740 0.061794
971100 0.085079 0.052251 0.060665
972100 0.082340 0.051343 0.061770
973100 0.080019 0.051769 0.062478
974100 0.082030 0.051878 0.064236
975100 0.080420 0.052402 0.065569
976100 0.087248 0.053964 0.064365
977100 0.082587 0.052272 0.058499
978100 0.078565 0.050355 0.057319
979100 0.079958 0.051304 0.060886
980100 0.080930 0.051211 0.057950
981100 0.079217 0.052547 0.066800
982100 0.087748 0.057855 0.065134
983100 0.079791 0.055319 0.062085
984100 0.086989 0.050138 0.067512
985100 0.081633 0.052756 0.065877
986100 0.083204 0.053676 0.061861
987100 0.079415 0.050200 0.058289
988100 0.079138 0.051443 0.063925
989100 0.082702 0.051156 0.059486
990100 0.079802 0.053208 0.062361
991100 0.082029 0.051609 0.061229
992100 0.084761 0.051729 0.066860
993100 0.087389 0.052715 0.062071
994100 0.081154 0.054303 0.062365
995100 0.081616 0.053359 0.061084
996100 0.083027 0.051742 0.062612
997100 0.083528 0.051391 0.059775
998100 0.082905 0.052412 0.064774
999100 0.084141 0.053695 0.062319
