100 0.000002 0.000004 0.000005 0.000005 0.000002 0.000003 0.000003 0.000003 0.000003
200 0.000004 0.000011 0.000012 0.000012 0.000012 0.000008 0.000005 0.000007 0.000007
300 0.000007 0.000018 0.000019 0.000019 0.000021 0.000017 0.000009 0.000011 0.000011
400 0.000010 0.000027 0.000028 0.000026 0.000029 0.000027 0.000013 0.000016 0.000017
500 0.000015 0.000034 0.000034 0.000033 0.000037 0.000038 0.000019 0.000023 0.000027
600 0.000021 0.000042 0.000041 0.000041 0.000051 0.000049 0.000027 0.000029 0.000029
700 0.000030 0.000052 0.000049 0.000049 0.000056 0.000062 0.000038 0.000036 0.000036
800 0.000039 0.000063 0.000059 0.000058 0.000069 0.000073 0.000047 0.000044 0.000046
900 0.000049 0.000075 0.000069 0.000065 0.000075 0.000083 0.000051 0.000058 0.000062
1000 0.000059 0.000084 0.000074 0.000074 0.000084 0.000095 0.000068 0.000065 0.000076
1100 0.000073 0.000092 0.000081 0.000084 0.000093 0.000108 0.000100 0.000080 0.000088
1200 0.000084 0.000110 0.000090 0.000091 0.000102 0.000117 0.000113 0.000086 0.000093
1300 0.000094 0.000122 0.000102 0.000100 0.000117 0.000128 0.000131 0.000101 0.000109
1400 0.000105 0.000128 0.000107 0.000109 0.000122 0.000142 0.000141 0.000110 0.000116
1500 0.000118 0.000142 0.000119 0.000116 0.000133 0.000156 0.000158 0.000124 0.000134
1600 0.000128 0.000146 0.000126 0.000125 0.000141 0.000166 0.000173 0.000137 0.000147
1700 0.000141 0.000163 0.000134 0.000133 0.000153 0.000180 0.000190 0.000152 0.000168
1800 0.000150 0.000171 0.000144 0.000142 0.000164 0.000195 0.000197 0.000166 0.000185
1900 0.000163 0.000184 0.000151 0.000151 0.000172 0.000208 0.000220 0.000180 0.000197
2000 0.000175 0.000199 0.000160 0.000161 0.000183 0.000219 0.000238 0.000191 0.000214
2100 0.000187 0.000203 0.000170 0.000170 0.000195 0.000232 0.000274 0.000205 0.000229
2200 0.000203 0.000217 0.000178 0.000179 0.000204 0.000244 0.000284 0.000220 0.000240
2300 0.000211 0.000227 0.000188 0.000188 0.000215 0.000253 0.000295 0.000230 0.000250
2400 0.000217 0.000243 0.000199 0.000200 0.000231 0.000267 0.000314 0.000247 0.000260
2500 0.000233 0.000255 0.000206 0.000205 0.000236 0.000278 0.000329 0.000258 0.000284
2600 0.000242 0.000268 0.000223 0.000215 0.000246 0.000293 0.000348 0.000276 0.000290
2700 0.000257 0.000280 0.000227 0.000224 0.000256 0.000309 0.000360 0.000295 0.000298
2800 0.000264 0.000294 0.000235 0.000234 0.000268 0.000319 0.000334 0.000298 0.000315
2900 0.000277 0.000304 0.000243 0.000245 0.000277 0.000331 0.000397 0.000314 0.000325
3000 0.000287 0.000317 0.000254 0.000255 0.000287 0.000347 0.000404 0.000329 0.000335
3100 0.000295 0.000332 0.000265 0.000267 0.000297 0.000352 0.000429 0.000338 0.000362
3200 0.000308 0.000345 0.000274 0.000275 0.000310 0.000379 0.000439 0.000359 0.000372
3300 0.000324 0.000358 0.000282 0.000286 0.000327 0.000390 0.000457 0.000372 0.000390
3400 0.000335 0.000373 0.000290 0.000293 0.000331 0.000401 0.000475 0.000388 0.000407
3500 0.000340 0.000383 0.000300 0.000302 0.000346 0.000415 0.000492 0.000402 0.000418
3600 0.000356 0.000393 0.000315 0.000310 0.000353 0.000421 0.000500 0.000410 0.000443
3700 0.000366 0.000413 0.000324 0.000321 0.000371 0.000442 0.000526 0.000422 0.000454
3800 0.000379 0.000428 0.000331 0.000329 0.000379 0.000466 0.000540 0.000436 0.000471
3900 0.000386 0.000440 0.000337 0.000341 0.000390 0.000466 0.000526 0.000450 0.000481
4000 0.000395 0.000449 0.000351 0.000347 0.000398 0.000479 0.000580 0.000465 0.000504
4100 0.000410 0.000460 0.000358 0.000359 0.000410 0.000487 0.000634 0.000477 0.000510
4200 0.000417 0.000477 0.000370 0.000367 0.000420 0.000502 0.000654 0.000486 0.000524
4300 0.000436 0.000488 0.000384 0.000378 0.000429 0.000525 0.000679 0.000509 0.000533
4400 0.000440 0.000497 0.000385 0.000385 0.000441 0.000534 0.000690 0.000519 0.000552
4500 0.000460 0.000518 0.000405 0.000399 0.000459 0.000548 0.000724 0.000536 0.000559
4600 0.000470 0.000530 0.000407 0.000409 0.000461 0.000564 0.000723 0.000540 0.000579
4700 0.000481 0.000538 0.000417 0.000417 0.000477 0.000573 0.000758 0.000558 0.000604
4800 0.000488 0.000554 0.000429 0.000430 0.000486 0.000590 0.000771 0.000573 0.000613
4900 0.000502 0.000569 0.000437 0.000440 0.000501 0.000598 0.000795 0.000587 0.000615
5000 0.000512 0.000585 0.000454 0.000447 0.000505 0.000610 0.000781 0.000607 0.000632
5100 0.000523 0.000602 0.000456 0.000458 0.000524 0.000621 0.000827 0.000615 0.000639
5200 0.000534 0.000606 0.000470 0.000469 0.000537 0.000631 0.000863 0.000632 0.000651
5300 0.000555 0.000629 0.000478 0.000477 0.000544 0.000648 0.000747 0.000645 0.000666
5400 0.000563 0.000640 0.000488 0.000484 0.000551 0.000675 0.000892 0.000654 0.000676
5500 0.000572 0.000646 0.000497 0.000497 0.000562 0.000684 0.000949 0.000670 0.000693
5600 0.000583 0.000667 0.000515 0.000508 0.000587 0.000695 0.000947 0.000681 0.000704
5700 0.000597 0.000689 0.000516 0.000517 0.000590 0.000713 0.000949 0.000698 0.000715
5800 0.000613 0.000694 0.000529 0.000527 0.000601 0.000717 0.000962 0.000713 0.000734
5900 0.000621 0.000710 0.000544 0.000538 0.000610 0.000735 0.000993 0.000731 0.000750
6000 0.000627 0.000738 0.000551 0.000549 0.000623 0.000743 0.001007 0.000746 0.000759
6100 0.000645 0.000734 0.000561 0.000559 0.000632 0.000757 0.001034 0.000756 0.000771
6200 0.000650 0.000755 0.000571 0.000568 0.000641 0.000774 0.001054 0.000771 0.000799
6300 0.000675 0.000761 0.000576 0.000595 0.000659 0.000796 0.001062 0.000786 0.000807
6400 0.000671 0.000798 0.000585 0.000592 0.000671 0.000804 0.001087 0.000795 0.000817
6500 0.000687 0.000790 0.000599 0.000601 0.000681 0.000831 0.001120 0.000808 0.000854
6600 0.000697 0.000803 0.000610 0.000607 0.000702 0.000854 0.001136 0.000833 0.000849
6700 0.000728 0.000824 0.000618 0.000625 0.000730 0.000855 0.001144 0.000840 0.000880
6800 0.000718 0.000838 0.000627 0.000628 0.000723 0.000871 0.001176 0.000849 0.000893
6900 0.000735 0.000843 0.000639 0.000638 0.000732 0.000887 0.001182 0.000921 0.000936
7000 0.000751 0.000865 0.000652 0.000650 0.000742 0.000895 0.001202 0.000885 0.000945
7100 0.000771 0.000881 0.000661 0.000658 0.000750 0.000902 0.001210 0.000905 0.000944
7200 0.000777 0.000897 0.000677 0.000671 0.000764 0.000917 0.001258 0.000918 0.000961
7300 0.000789 0.000905 0.000684 0.000680 0.000778 0.000946 0.001282 0.000930 0.000993
7400 0.000798 0.000916 0.000693 0.000688 0.000791 0.000955 0.001259 0.000945 0.000994
7500 0.000812 0.000928 0.000703 0.000699 0.000794 0.000963 0.001330 0.000950 0.001035
7600 0.000810 0.000953 0.000722 0.000711 0.000822 0.000980 0.001351 0.000974 0.001045
7700 0.000832 0.000966 0.000720 0.000727 0.000832 0.000992 0.001361 0.000992 0.001060
7800 0.000832 0.000986 0.000749 0.000736 0.000844 0.001012 0.001375 0.000996 0.001085
7900 0.000861 0.001001 0.000749 0.000745 0.000846 0.001020 0.001412 0.001025 0.001085
8000 0.000862 0.001015 0.000759 0.000753 0.000856 0.001037 0.001400 0.001041 0.001114
8100 0.000876 0.001020 0.000772 0.000773 0.000872 0.001050 0.001427 0.001072 0.001119
8200 0.000886 0.001034 0.000777 0.000778 0.000886 0.001058 0.001673 0.001066 0.001127
8300 0.000901 0.001042 0.000784 0.000787 0.000897 0.001077 0.001711 0.001074 0.001146
8400 0.000920 0.001065 0.000795 0.000796 0.000905 0.001098 0.001742 0.001097 0.001162
8500 0.000926 0.001068 0.000802 0.000821 0.000913 0.001115 0.001738 0.001110 0.001177
8600 0.000930 0.001091 0.000819 0.000812 0.000928 0.001128 0.001789 0.001123 0.001184
8700 0.000925 0.001111 0.000828 0.000826 0.000939 0.001143 0.001826 0.001129 0.001198
8800 0.000951 0.001113 0.000837 0.000845 0.000953 0.001231 0.001860 0.001155 0.001216
8900 0.000960 0.001130 0.000858 0.000854 0.000967 0.001182 0.001878 0.001169 0.001235
9000 0.000967 0.001144 0.000863 0.000859 0.000974 0.001179 0.001889 0.001176 0.001254
9100 0.000975 0.001164 0.000867 0.000876 0.000986 0.001199 0.001921 0.001197 0.001249
9200 0.000993 0.001181 0.000883 0.000879 0.001002 0.001242 0.001942 0.001210 0.001267
9300 0.001008 0.001188 0.000893 0.000887 0.001025 0.001222 0.001958 0.001228 0.001284
9400 0.001024 0.001199 0.000900 0.000902 0.001027 0.001238 0.001977 0.001265 0.001303
9500 0.001033 0.001223 0.000919 0.000921 0.001046 0.001256 0.002001 0.001295 0.001334
9600 0.001043 0.001239 0.000925 0.000914 0.001053 0.001274 0.002034 0.001280 0.001334
9700 0.001044 0.001245 0.000936 0.000929 0.001065 0.001277 0.002045 0.001280 0.001351
9800 0.001072 0.001280 0.000943 0.000939 0.001080 0.001287 0.002103 0.001295 0.001354
9900 0.001073 0.001289 0.000950 0.000953 0.001078 0.001304 0.002148 0.001341 0.001362
10000 0.001095 0.001320 0.000973 0.000962 0.001109 0.001315 0.002178 0.001363 0.001370
10100 0.001098 0.001307 0.000973 0.000980 0.001101 0.001318 0.002135 0.001343 0.001391
10200 0.001121 0.001317 0.000987 0.000982 0.001119 0.001328 0.002173 0.001351 0.001402
10300 0.001134 0.001336 0.001005 0.000997 0.001128 0.001352 0.002210 0.001376 0.001423
10400 0.001141 0.001355 0.001012 0.001016 0.001153 0.001374 0.002233 0.001379 0.001435
10500 0.001170 0.001384 0.001014 0.001021 0.001170 0.001396 0.001892 0.001493 0.001443
10600 0.001171 0.001407 0.001039 0.001031 0.001166 0.001417 0.002252 0.001427 0.001463
10700 0.001177 0.001409 0.001045 0.001044 0.001192 0.001424 0.002272 0.001431 0.001473
10800 0.001191 0.001416 0.001069 0.001053 0.001193 0.001442 0.002356 0.001457 0.001491
10900 0.001209 0.001429 0.001059 0.001054 0.001215 0.001467 0.002361 0.001467 0.001515
11000 0.001206 0.001447 0.001070 0.001068 0.001231 0.001502 0.002437 0.001471 0.001504
11100 0.001227 0.001468 0.001085 0.001079 0.001230 0.001479 0.002389 0.001494 0.001528
11200 0.001239 0.001476 0.001091 0.001094 0.001238 0.001492 0.002402 0.001510 0.001545
11300 0.001252 0.001497 0.001102 0.001101 0.001256 0.001507 0.002438 0.001528 0.001558
11400 0.001267 0.001516 0.001105 0.001118 0.001262 0.001539 0.002468 0.001543 0.001577
11500 0.001269 0.001526 0.001126 0.001117 0.001279 0.001544 0.002499 0.001546 0.001594
11600 0.001288 0.001535 0.001140 0.001139 0.001297 0.001568 0.002511 0.001582 0.001594
11700 0.001305 0.001556 0.001148 0.001145 0.001299 0.001568 0.002530 0.001611 0.001616
11800 0.001311 0.001574 0.001149 0.001161 0.001328 0.001587 0.002583 0.001615 0.001635
11900 0.001330 0.001595 0.001172 0.001174 0.001324 0.001588 0.002668 0.001610 0.001646
12000 0.001343 0.001603 0.001178 0.001177 0.001348 0.001606 0.002660 0.001633 0.001653
12100 0.001353 0.001617 0.001186 0.001188 0.001347 0.001631 0.002688 0.001639 0.001667
12200 0.001368 0.001647 0.001198 0.001203 0.001372 0.001627 0.002641 0.001665 0.001684
12300 0.001379 0.001660 0.001215 0.001210 0.001387 0.001649 0.002676 0.001675 0.001697
12400 0.001404 0.001663 0.001217 0.001216 0.001386 0.001664 0.002691 0.001690 0.001709
12500 0.001404 0.001684 0.001238 0.001232 0.001411 0.001687 0.002739 0.001705 0.001764
12600 0.001423 0.001692 0.001253 0.001237 0.001415 0.001712 0.002747 0.001720 0.001756
12700 0.001428 0.001712 0.001250 0.001250 0.001426 0.001719 0.002758 0.001736 0.001769
12800 0.001432 0.001740 0.001289 0.001260 0.001437 0.001735 0.002808 0.001753 0.001787
12900 0.001460 0.001737 0.001271 0.001274 0.001444 0.001751 0.002801 0.001758 0.001811
13000 0.001467 0.001754 0.001277 0.001290 0.001463 0.001767 0.002863 0.001800 0.001822
13100 0.001475 0.001765 0.001298 0.001293 0.001486 0.001787 0.002863 0.001818 0.001858
13200 0.001526 0.001782 0.001310 0.001309 0.001492 0.001816 0.002905 0.001820 0.001863
13300 0.001496 0.001793 0.001324 0.001316 0.001503 0.001825 0.002928 0.001835 0.001881
13400 0.001520 0.001819 0.001336 0.001327 0.001515 0.001840 0.002953 0.001852 0.001894
13500 0.001562 0.001827 0.001345 0.001342 0.001533 0.001852 0.002984 0.001864 0.001911
13600 0.001575 0.001861 0.001357 0.001344 0.001536 0.001869 0.003005 0.001879 0.001936
13700 0.001588 0.001862 0.001369 0.001362 0.001550 0.001886 0.003016 0.001900 0.001954
13800 0.001601 0.001869 0.001373 0.001377 0.001562 0.001894 0.003075 0.001917 0.001970
13900 0.001612 0.001892 0.001415 0.001389 0.001576 0.001906 0.003137 0.001938 0.001985
14000 0.001608 0.001903 0.001398 0.001395 0.001587 0.001943 0.003209 0.001940 0.002012
14100 0.001632 0.001918 0.001424 0.001402 0.001607 0.001942 0.003178 0.001956 0.002023
14200 0.001646 0.001937 0.001486 0.001416 0.001616 0.001943 0.003143 0.001981 0.002055
14300 0.001653 0.001951 0.001434 0.001427 0.001621 0.001952 0.003190 0.002009 0.002072
14400 0.001666 0.001961 0.001438 0.001437 0.001641 0.001970 0.003198 0.002020 0.002105
14500 0.001684 0.001985 0.001449 0.001474 0.001663 0.002001 0.003241 0.002029 0.002103
14600 0.001696 0.002021 0.001477 0.001477 0.001672 0.002009 0.003223 0.002052 0.002126
14700 0.001707 0.002013 0.001472 0.001476 0.001693 0.002020 0.003258 0.002050 0.002163
14800 0.001721 0.002026 0.001488 0.001480 0.001695 0.002068 0.003304 0.002066 0.002166
14900 0.001730 0.002046 0.001486 0.001513 0.001705 0.002083 0.003346 0.002084 0.002198
15000 0.001753 0.002051 0.001502 0.001504 0.001713 0.002084 0.003517 0.002106 0.002218
15100 0.001774 0.002077 0.001505 0.001513 0.001736 0.002138 0.003309 0.002136 0.002212
15200 0.001786 0.002110 0.001529 0.001541 0.001743 0.002110 0.003411 0.002130 0.002247
15300 0.001808 0.002102 0.001547 0.001542 0.001754 0.002114 0.003370 0.002157 0.002256
15400 0.001799 0.002101 0.001542 0.001545 0.001768 0.002136 0.003450 0.002172 0.002284
15500 0.001837 0.002137 0.001564 0.001556 0.001775 0.002148 0.003482 0.002183 0.002282
15600 0.001807 0.002135 0.001563 0.001564 0.001780 0.002158 0.003503 0.002181 0.002299
15700 0.001818 0.002155 0.001579 0.001574 0.001807 0.002197 0.003519 0.002223 0.002332
15800 0.001840 0.002178 0.001587 0.001590 0.001803 0.002189 0.003505 0.002231 0.002339
15900 0.001851 0.002197 0.001601 0.001601 0.001822 0.002215 0.003573 0.002248 0.002385
16000 0.001870 0.002214 0.001608 0.001626 0.001833 0.002208 0.003664 0.002266 0.002372
16100 0.001878 0.002246 0.001628 0.001623 0.001869 0.002235 0.003711 0.002274 0.002390
16200 0.001902 0.002254 0.001642 0.001649 0.001865 0.002249 0.003653 0.002297 0.002418
16300 0.001911 0.002265 0.001647 0.001652 0.001909 0.002265 0.003679 0.002310 0.002421
16400 0.001911 0.002280 0.001657 0.001660 0.001887 0.002293 0.004813 0.002331 0.002440
16500 0.001955 0.002289 0.001664 0.001673 0.001908 0.002289 0.004898 0.002352 0.002447
16600 0.001947 0.002304 0.001686 0.001689 0.001906 0.002303 0.004631 0.002348 0.002476
16700 0.001952 0.002321 0.001692 0.001694 0.001936 0.002315 0.004795 0.002391 0.002495
16800 0.001962 0.002331 0.001704 0.001695 0.001946 0.002366 0.004776 0.002383 0.002510
16900 0.001985 0.002352 0.001714 0.001717 0.001956 0.002358 0.004800 0.002430 0.002525
17000 0.002010 0.002375 0.001726 0.001715 0.001978 0.002394 0.004810 0.002449 0.002557
17100 0.002048 0.002387 0.001735 0.001733 0.001985 0.002395 0.004826 0.002453 0.002560
17200 0.002075 0.002407 0.001753 0.001759 0.001988 0.002415 0.004910 0.002461 0.002576
17300 0.002058 0.002409 0.001803 0.001761 0.002010 0.002442 0.004976 0.002471 0.002578
17400 0.002053 0.002436 0.001771 0.001778 0.002023 0.002447 0.005192 0.002489 0.002588
17500 0.002075 0.002461 0.001791 0.001788 0.002029 0.002463 0.005224 0.002510 0.002614
17600 0.002094 0.002466 0.001803 0.001790 0.002052 0.002506 0.005163 0.002516 0.002630
17700 0.002101 0.002484 0.001813 0.001812 0.002061 0.002493 0.005131 0.002542 0.002696
17800 0.002103 0.002487 0.001828 0.001818 0.002074 0.002543 0.005137 0.002564 0.002673
17900 0.002112 0.002510 0.001835 0.001839 0.002086 0.002536 0.005187 0.002577 0.002678
18000 0.002129 0.002514 0.001843 0.001837 0.002089 0.002518 0.005127 0.002598 0.002697
18100 0.002145 0.002546 0.001857 0.001838 0.002114 0.002539 0.005163 0.002617 0.002724
18200 0.002161 0.002554 0.001864 0.001855 0.002120 0.002562 0.005235 0.002619 0.002721
18300 0.002169 0.002576 0.001877 0.001869 0.002148 0.002586 0.005298 0.002628 0.002748
18400 0.002164 0.002588 0.001876 0.001896 0.002144 0.002572 0.005416 0.002670 0.002749
18500 0.002200 0.002605 0.001906 0.001902 0.002157 0.002590 0.005337 0.002678 0.002759
18600 0.002222 0.002622 0.001921 0.001903 0.002166 0.002602 0.005571 0.002784 0.002768
18700 0.002222 0.002638 0.001915 0.001905 0.002184 0.002634 0.005449 0.002715 0.002839
18800 0.002286 0.002682 0.001960 0.001986 0.002241 0.002716 0.005611 0.002794 0.002878
18900 0.002295 0.002687 0.001949 0.001961 0.002199 0.002675 0.005435 0.002714 0.002811
19000 0.002258 0.002710 0.001966 0.001955 0.002216 0.002692 0.005427 0.002751 0.002829
19100 0.002272 0.002710 0.001962 0.001969 0.002214 0.002678 0.005501 0.002758 0.002896
19200 0.002279 0.002709 0.001966 0.001953 0.002235 0.002705 0.005562 0.002758 0.002856
19300 0.002334 0.002729 0.001985 0.001977 0.002258 0.002706 0.005551 0.002786 0.002885
19400 0.002313 0.002751 0.001990 0.001985 0.002258 0.002730 0.005720 0.002815 0.002914
19500 0.002324 0.002780 0.002018 0.002016 0.002286 0.002752 0.005978 0.002859 0.002943
19600 0.002361 0.002794 0.002037 0.002005 0.002303 0.002773 0.005872 0.002845 0.002935
19700 0.002356 0.002826 0.002034 0.002019 0.002299 0.002776 0.005834 0.002864 0.002947
