100 0.000001 0.000001 0.000010 0.000010 0.000000 0.000003 0.000001 0.000001 0.000001
200 0.000002 0.000006 0.000020 0.000019 0.000001 0.000007 0.000003 0.000003 0.000004
300 0.000005 0.000016 0.000030 0.000030 0.000002 0.000012 0.000007 0.000005 0.000006
400 0.000008 0.000020 0.000042 0.000043 0.000003 0.000019 0.000013 0.000008 0.000009
500 0.000011 0.000027 0.000055 0.000054 0.000005 0.000027 0.000014 0.000011 0.000012
600 0.000015 0.000036 0.000067 0.000071 0.000008 0.000034 0.000026 0.000015 0.000016
700 0.000019 0.000046 0.000083 0.000081 0.000012 0.000045 0.000030 0.000019 0.000020
800 0.000023 0.000061 0.000092 0.000093 0.000015 0.000057 0.000037 0.000024 0.000025
900 0.000028 0.000069 0.000104 0.000103 0.000019 0.000064 0.000043 0.000029 0.000031
1000 0.000031 0.000079 0.000116 0.000118 0.000023 0.000074 0.000052 0.000034 0.000034
1100 0.000045 0.000084 0.000134 0.000129 0.000026 0.000086 0.000085 0.000042 0.000039
1200 0.000048 0.000096 0.000141 0.000142 0.000030 0.000092 0.000095 0.000047 0.000046
1300 0.000054 0.000107 0.000158 0.000167 0.000036 0.000103 0.000106 0.000053 0.000051
1400 0.000062 0.000114 0.000172 0.000168 0.000037 0.000112 0.000117 0.000064 0.000058
1500 0.000073 0.000130 0.000181 0.000183 0.000041 0.000125 0.000138 0.000071 0.000066
1600 0.000080 0.000138 0.000200 0.000195 0.000045 0.000133 0.000151 0.000078 0.000078
1700 0.000089 0.000153 0.000208 0.000208 0.000051 0.000144 0.000159 0.000085 0.000087
1800 0.000097 0.000160 0.000224 0.000224 0.000053 0.000155 0.000136 0.000099 0.000094
1900 0.000105 0.000174 0.000233 0.000236 0.000057 0.000167 0.000192 0.000101 0.000104
2000 0.000111 0.000181 0.000252 0.000256 0.000061 0.000184 0.000202 0.000114 0.000114
2100 0.000125 0.000197 0.000263 0.000260 0.000065 0.000189 0.000279 0.000142 0.000125
2200 0.000141 0.000205 0.000279 0.000274 0.000070 0.000201 0.000303 0.000158 0.000138
2300 0.000150 0.000216 0.000292 0.000296 0.000076 0.000206 0.000322 0.000168 0.000147
2400 0.000162 0.000235 0.000300 0.000300 0.000078 0.000217 0.000344 0.000177 0.000160
2500 0.000171 0.000240 0.000313 0.000315 0.000082 0.000226 0.000351 0.000183 0.000172
2600 0.000176 0.000252 0.000327 0.000328 0.000089 0.000241 0.000364 0.000199 0.000176
2700 0.000191 0.000266 0.000342 0.000344 0.000094 0.000254 0.000391 0.000207 0.000193
2800 0.000199 0.000278 0.000355 0.000357 0.000099 0.000260 0.000403 0.000224 0.000199
2900 0.000209 0.000288 0.000373 0.000368 0.000107 0.000272 0.000420 0.000229 0.000215
3000 0.000214 0.000301 0.000381 0.000380 0.000107 0.000281 0.000430 0.000242 0.000222
3100 0.000226 0.000321 0.000397 0.000397 0.000109 0.000300 0.000450 0.000257 0.000235
3200 0.000235 0.000326 0.000410 0.000411 0.000113 0.000306 0.000471 0.000271 0.000248
3300 0.000243 0.000340 0.000424 0.000423 0.000117 0.000320 0.000500 0.000281 0.000258
3400 0.000250 0.000356 0.000436 0.000438 0.000124 0.000331 0.000505 0.000288 0.000274
3500 0.000265 0.000363 0.000455 0.000451 0.000127 0.000341 0.000530 0.000302 0.000291
3600 0.000268 0.000375 0.000468 0.000471 0.000133 0.000352 0.000543 0.000312 0.000302
3700 0.000282 0.000387 0.000478 0.000480 0.000137 0.000369 0.000574 0.000325 0.000309
3800 0.000291 0.000401 0.000495 0.000496 0.000141 0.000380 0.000586 0.000339 0.000326
3900 0.000294 0.000413 0.000504 0.000507 0.000151 0.000391 0.000571 0.000347 0.000333
4000 0.000301 0.000431 0.000523 0.000521 0.000154 0.000397 0.000616 0.000359 0.000346
4100 0.000315 0.000440 0.000536 0.000540 0.000158 0.000404 0.000778 0.000405 0.000373
4200 0.000320 0.000451 0.000567 0.000555 0.000161 0.000419 0.000775 0.000419 0.000374
4300 0.000347 0.000465 0.000567 0.000567 0.000169 0.000437 0.000809 0.000432 0.000388
4400 0.000348 0.000480 0.000579 0.000584 0.000170 0.000444 0.000836 0.000440 0.000401
4500 0.000360 0.000491 0.000591 0.000593 0.000175 0.000465 0.000568 0.000451 0.000411
4600 0.000364 0.000506 0.000612 0.000610 0.000182 0.000463 0.000868 0.000468 0.000429
4700 0.000380 0.000519 0.000619 0.000617 0.000190 0.000478 0.000912 0.000476 0.000430
4800 0.000383 0.000536 0.000632 0.000635 0.000192 0.000485 0.000928 0.000495 0.000448
4900 0.000397 0.000544 0.000654 0.000651 0.000198 0.000499 0.000829 0.000500 0.000458
5000 0.000407 0.000555 0.000667 0.000666 0.000205 0.000507 0.000968 0.000510 0.000476
5100 0.000412 0.000575 0.000677 0.000676 0.000205 0.000516 0.000997 0.000528 0.000482
5200 0.000428 0.000586 0.000695 0.000696 0.000210 0.000531 0.000919 0.000547 0.000500
5300 0.000443 0.000602 0.000711 0.000705 0.000220 0.000558 0.001025 0.000549 0.000510
5400 0.000448 0.000611 0.000715 0.000728 0.000221 0.000561 0.001077 0.000571 0.000519
5500 0.000457 0.000635 0.000742 0.000734 0.000225 0.000572 0.001118 0.000576 0.000532
5600 0.000458 0.000645 0.000752 0.000747 0.000234 0.000585 0.001114 0.000594 0.000556
5700 0.000471 0.000650 0.000772 0.000759 0.000239 0.000591 0.001121 0.000598 0.000561
5800 0.000481 0.000671 0.000782 0.000782 0.000244 0.000601 0.001132 0.000611 0.000570
5900 0.000497 0.000681 0.000789 0.000797 0.000248 0.000614 0.001173 0.000634 0.000591
6000 0.000504 0.000698 0.000809 0.000805 0.000252 0.000637 0.001212 0.000634 0.000609
6100 0.000507 0.000701 0.000821 0.000819 0.000261 0.000634 0.001191 0.000651 0.000620
6200 0.000526 0.000720 0.000832 0.000838 0.000263 0.000645 0.001235 0.000668 0.000633
6300 0.000533 0.000731 0.000848 0.000854 0.000270 0.000664 0.001253 0.000677 0.000650
6400 0.000539 0.000741 0.000860 0.000870 0.000274 0.000680 0.001273 0.000713 0.000652
6500 0.000551 0.000760 0.000878 0.000875 0.000287 0.000697 0.001318 0.000696 0.000682
6600 0.000557 0.000771 0.000894 0.000893 0.000285 0.000707 0.001305 0.000720 0.000699
6700 0.000569 0.000798 0.000906 0.000905 0.000293 0.000728 0.001291 0.000733 0.000697
6800 0.000586 0.000802 0.000924 0.000945 0.000297 0.000756 0.001377 0.000742 0.000757
6900 0.000590 0.000816 0.000940 0.000942 0.000299 0.000743 0.001408 0.000757 0.000728
7000 0.000598 0.000817 0.000952 0.000952 0.000306 0.000755 0.001436 0.000768 0.000744
7100 0.000607 0.000837 0.000974 0.001042 0.000323 0.000769 0.001459 0.000788 0.000771
7200 0.000620 0.000860 0.000979 0.000991 0.000337 0.000769 0.001500 0.000796 0.000776
7300 0.000632 0.000874 0.000999 0.000996 0.000329 0.000798 0.001453 0.000808 0.000798
7400 0.000638 0.000885 0.001013 0.001007 0.000332 0.000799 0.001530 0.000811 0.000804
7500 0.000651 0.000898 0.001027 0.001027 0.000333 0.000816 0.001533 0.000835 0.000825
7600 0.000651 0.000909 0.001047 0.001040 0.000343 0.000827 0.001606 0.000851 0.000847
7700 0.000665 0.000928 0.001058 0.001076 0.000351 0.000841 0.001629 0.000854 0.000857
7800 0.000670 0.000946 0.001073 0.001079 0.000350 0.000890 0.001615 0.000879 0.000864
7900 0.000678 0.000946 0.001092 0.001082 0.000359 0.000869 0.001630 0.000900 0.000902
8000 0.000691 0.000969 0.001098 0.001101 0.000361 0.000897 0.001683 0.000906 0.000905
8100 0.000715 0.000984 0.001112 0.001114 0.000370 0.000902 0.001658 0.000913 0.000918
8200 0.000713 0.000988 0.001134 0.001131 0.000374 0.000888 0.001688 0.000970 0.000923
8300 0.000723 0.001004 0.001153 0.001185 0.000381 0.000913 0.002033 0.000985 0.000948
8400 0.000731 0.001022 0.001158 0.001159 0.000387 0.000925 0.001894 0.000991 0.000966
8500 0.000745 0.001035 0.001188 0.001178 0.000388 0.000945 0.002115 0.001011 0.000969
8600 0.000752 0.001052 0.001187 0.001202 0.000399 0.000958 0.002111 0.001042 0.000992
8700 0.000751 0.001058 0.001210 0.001201 0.000401 0.000967 0.002173 0.001029 0.001004
8800 0.000772 0.001079 0.001222 0.001214 0.000417 0.000984 0.002238 0.001038 0.001018
8900 0.000775 0.001094 0.001237 0.001229 0.000418 0.000993 0.002251 0.001063 0.001034
9000 0.000854 0.001107 0.001254 0.001246 0.000420 0.001000 0.002235 0.001073 0.001050
9100 0.000790 0.001114 0.001263 0.001258 0.000425 0.001011 0.002250 0.001081 0.001053
9200 0.000809 0.001134 0.001274 0.001278 0.000434 0.001030 0.002308 0.001118 0.001080
9300 0.000814 0.001162 0.001298 0.001290 0.000435 0.001040 0.002199 0.001122 0.001089
9400 0.000856 0.001173 0.001328 0.001308 0.000440 0.001051 0.002334 0.001132 0.001103
9500 0.000839 0.001173 0.001326 0.001323 0.000447 0.001068 0.002381 0.001136 0.001115
9600 0.000839 0.001185 0.001344 0.001333 0.000452 0.001074 0.002398 0.001168 0.001152
9700 0.000855 0.001201 0.001358 0.001363 0.000464 0.001078 0.002438 0.001173 0.001145
9800 0.000861 0.001220 0.001373 0.001361 0.000464 0.001098 0.002475 0.001179 0.001153
9900 0.000874 0.001233 0.001382 0.001381 0.000478 0.001109 0.002486 0.001197 0.001168
10000 0.000881 0.001263 0.001396 0.001402 0.000476 0.001121 0.002524 0.001219 0.001182
10100 0.000892 0.001264 0.001428 0.001406 0.000485 0.001125 0.002570 0.001233 0.001196
10200 0.000911 0.001265 0.001420 0.001439 0.000485 0.001127 0.002537 0.001263 0.001217
10300 0.000912 0.001285 0.001452 0.001439 0.000498 0.001141 0.002596 0.001276 0.001252
10400 0.000937 0.001311 0.001450 0.001452 0.000500 0.001174 0.002471 0.001274 0.001233
10500 0.000937 0.001319 0.001480 0.001485 0.000508 0.001176 0.002643 0.001282 0.001254
