100 0.000002 0.000005 0.000005 0.000006 0.000002 0.000004 0.000003 0.000003 0.000003
200 0.000004 0.000012 0.000013 0.000013 0.000014 0.000009 0.000005 0.000007 0.000007
300 0.000008 0.000019 0.000020 0.000020 0.000023 0.000018 0.000010 0.000012 0.000013
400 0.000010 0.000026 0.000027 0.000028 0.000032 0.000028 0.000014 0.000018 0.000019
500 0.000015 0.000035 0.000035 0.000036 0.000042 0.000042 0.000020 0.000024 0.000026
600 0.000022 0.000043 0.000048 0.000045 0.000050 0.000049 0.000031 0.000032 0.000032
700 0.000032 0.000054 0.000052 0.000052 0.000061 0.000062 0.000038 0.000039 0.000041
800 0.000040 0.000062 0.000066 0.000062 0.000070 0.000072 0.000053 0.000047 0.000052
900 0.000050 0.000071 0.000069 0.000071 0.000081 0.000083 0.000061 0.000056 0.000068
1000 0.000059 0.000083 0.000081 0.000079 0.000090 0.000096 0.000076 0.000068 0.000077
1100 0.000076 0.000093 0.000088 0.000089 0.000104 0.000111 0.000099 0.000077 0.000085
1200 0.000083 0.000102 0.000095 0.000096 0.000110 0.000120 0.000114 0.000089 0.000096
1300 0.000100 0.000112 0.000105 0.000106 0.000121 0.000130 0.000126 0.000103 0.000110
1400 0.000107 0.000124 0.000113 0.000114 0.000130 0.000142 0.000144 0.000111 0.000120
1500 0.000119 0.000135 0.000124 0.000123 0.000141 0.000153 0.000158 0.000127 0.000134
1600 0.000127 0.000148 0.000132 0.000132 0.000151 0.000170 0.000173 0.000144 0.000151
1700 0.000142 0.000158 0.000146 0.000146 0.000163 0.000183 0.000190 0.000153 0.000174
1800 0.000148 0.000168 0.000155 0.000155 0.000174 0.000189 0.000201 0.000165 0.000181
1900 0.000165 0.000181 0.000162 0.000164 0.000188 0.000209 0.000221 0.000183 0.000201
2000 0.000176 0.000196 0.000171 0.000169 0.000195 0.000218 0.000231 0.000192 0.000215
2100 0.000187 0.000208 0.000184 0.000179 0.000204 0.000232 0.000258 0.000206 0.000226
2200 0.000197 0.000217 0.000189 0.000190 0.000217 0.000245 0.000290 0.000224 0.000241
2300 0.000208 0.000230 0.000199 0.000199 0.000227 0.000259 0.000306 0.000238 0.000255
2400 0.000218 0.000247 0.000208 0.000208 0.000237 0.000269 0.000312 0.000247 0.000263
2500 0.000232 0.000256 0.000218 0.000219 0.000253 0.000278 0.000282 0.000260 0.000281
2600 0.000239 0.000266 0.000231 0.000228 0.000259 0.000300 0.000349 0.000278 0.000288
2700 0.000254 0.000278 0.000241 0.000238 0.000276 0.000308 0.000360 0.000288 0.000301
2800 0.000264 0.000297 0.000250 0.000247 0.000282 0.000319 0.000375 0.000302 0.000312
2900 0.000281 0.000310 0.000261 0.000257 0.000292 0.000331 0.000395 0.000317 0.000331
3000 0.000286 0.000317 0.000268 0.000267 0.000303 0.000344 0.000410 0.000334 0.000343
3100 0.000296 0.000335 0.000278 0.000275 0.000317 0.000356 0.000422 0.000346 0.000358
3200 0.000308 0.000342 0.000287 0.000290 0.000326 0.000373 0.000442 0.000359 0.000385
3300 0.000321 0.000361 0.000300 0.000296 0.000340 0.000393 0.000453 0.000371 0.000391
3400 0.000334 0.000378 0.000309 0.000306 0.000350 0.000400 0.000477 0.000383 0.000410
3500 0.000346 0.000384 0.000319 0.000317 0.000362 0.000412 0.000469 0.000401 0.000424
3600 0.000355 0.000396 0.000329 0.000326 0.000375 0.000426 0.000510 0.000413 0.000449
3700 0.000363 0.000410 0.000339 0.000336 0.000387 0.000437 0.000510 0.000428 0.000461
3800 0.000380 0.000427 0.000347 0.000346 0.000397 0.000459 0.000535 0.000444 0.000476
3900 0.000384 0.000431 0.000364 0.000356 0.000409 0.000465 0.000571 0.000453 0.000489
4000 0.000410 0.000455 0.000374 0.000367 0.000424 0.000483 0.000508 0.000473 0.000502
4100 0.000410 0.000464 0.000377 0.000379 0.000429 0.000488 0.000643 0.000476 0.000519
4200 0.000417 0.000477 0.000393 0.000388 0.000449 0.000505 0.000655 0.000492 0.000533
4300 0.000443 0.000498 0.000398 0.000396 0.000454 0.000523 0.000674 0.000504 0.000536
4400 0.000444 0.000497 0.000410 0.000407 0.000464 0.000539 0.000695 0.000522 0.000555
4500 0.000458 0.000519 0.000420 0.000421 0.000480 0.000553 0.000707 0.000539 0.000569
4600 0.000469 0.000530 0.000434 0.000429 0.000486 0.000559 0.000726 0.000547 0.000580
4700 0.000481 0.000539 0.000440 0.000443 0.000505 0.000574 0.000756 0.000559 0.000593
4800 0.000485 0.000553 0.000448 0.000453 0.000512 0.000590 0.000765 0.000571 0.000610
4900 0.000509 0.000570 0.000461 0.000459 0.000524 0.000595 0.000788 0.000587 0.000619
5000 0.000511 0.000579 0.000470 0.000469 0.000540 0.000615 0.000813 0.000600 0.000636
5100 0.000528 0.000601 0.000489 0.000480 0.000551 0.000619 0.000829 0.000616 0.000643
5200 0.000539 0.000608 0.000501 0.000494 0.000563 0.000638 0.000856 0.000628 0.000659
5300 0.000546 0.000618 0.000512 0.000504 0.000573 0.000658 0.000867 0.000652 0.000678
5400 0.000559 0.000643 0.000513 0.000518 0.000586 0.000675 0.000900 0.000662 0.000689
5500 0.000577 0.000657 0.000525 0.000527 0.000598 0.000684 0.000954 0.000677 0.000692
5600 0.000584 0.000666 0.000534 0.000542 0.000607 0.000700 0.000949 0.000693 0.000715
5700 0.000599 0.000681 0.000544 0.000542 0.000615 0.000710 0.000957 0.000699 0.000730
5800 0.000615 0.000693 0.000564 0.000558 0.000631 0.000731 0.000961 0.000717 0.000733
5900 0.000616 0.000706 0.000569 0.000564 0.000644 0.000733 0.000990 0.000735 0.000750
6000 0.000632 0.000721 0.000576 0.000582 0.000652 0.000749 0.001017 0.000744 0.000762
6100 0.000649 0.000731 0.000585 0.000593 0.000666 0.000755 0.001042 0.000757 0.000789
6200 0.000669 0.000755 0.000596 0.000611 0.000680 0.000787 0.001056 0.000774 0.000788
6300 0.000674 0.000777 0.000605 0.000607 0.000693 0.000795 0.001078 0.000812 0.000826
6400 0.000674 0.000783 0.000621 0.000624 0.000709 0.000804 0.001120 0.000804 0.000831
6500 0.000695 0.000789 0.000636 0.000626 0.000709 0.000822 0.001115 0.000809 0.000851
6600 0.000709 0.000817 0.000647 0.000635 0.000736 0.000833 0.001098 0.000832 0.000851
6700 0.000718 0.000820 0.000652 0.000657 0.000736 0.000854 0.001150 0.000845 0.000880
6800 0.000730 0.000827 0.000669 0.000655 0.000755 0.000866 0.001167 0.000853 0.000903
6900 0.000794 0.000865 0.000673 0.000682 0.000759 0.000877 0.001196 0.000885 0.000920
7000 0.000761 0.000874 0.000687 0.000691 0.000785 0.000898 0.001213 0.000885 0.000929
7100 0.000771 0.000884 0.000704 0.000693 0.000786 0.000909 0.001163 0.000912 0.000959
7200 0.000776 0.000897 0.000714 0.000710 0.000800 0.000923 0.001153 0.000918 0.000972
7300 0.000787 0.000903 0.000719 0.000719 0.000820 0.000940 0.001269 0.000934 0.000992
7400 0.000793 0.000923 0.000735 0.000728 0.000828 0.000958 0.001292 0.000950 0.001003
7500 0.000825 0.000930 0.000733 0.000743 0.000845 0.000979 0.001075 0.000958 0.001021
7600 0.000816 0.000959 0.000747 0.000748 0.000851 0.000979 0.001345 0.000980 0.001043
7700 0.000827 0.000964 0.000774 0.000755 0.000902 0.001003 0.001383 0.000997 0.001058
7800 0.000838 0.000973 0.000770 0.000774 0.000895 0.001008 0.001369 0.001002 0.001073
7900 0.000848 0.000985 0.000784 0.000781 0.000883 0.001030 0.001406 0.001031 0.001085
8000 0.000864 0.000999 0.000799 0.000788 0.000902 0.001031 0.001411 0.001029 0.001101
8100 0.000897 0.001017 0.000804 0.000812 0.000913 0.001049 0.001434 0.001058 0.001121
8200 0.000885 0.001029 0.000812 0.000814 0.000926 0.001055 0.001681 0.001074 0.001124
8300 0.000899 0.001043 0.000825 0.000828 0.000933 0.001073 0.001701 0.001083 0.001150
8400 0.000916 0.001063 0.000838 0.000836 0.000944 0.001118 0.001750 0.001094 0.001187
8500 0.000921 0.001069 0.000853 0.000849 0.000958 0.001117 0.001763 0.001110 0.001167
8600 0.000938 0.001096 0.000866 0.000865 0.000973 0.001133 0.001786 0.001120 0.001190
8700 0.000937 0.001105 0.000873 0.000874 0.000990 0.001135 0.001928 0.001141 0.001217
8800 0.000946 0.001123 0.000886 0.000876 0.000996 0.001152 0.001869 0.001151 0.001210
8900 0.000954 0.001127 0.000889 0.000889 0.001009 0.001180 0.001855 0.001176 0.001229
9000 0.000963 0.001150 0.000905 0.000898 0.001021 0.001187 0.001879 0.001182 0.001255
9100 0.000982 0.001155 0.000915 0.000910 0.001039 0.001196 0.001937 0.001195 0.001261
9200 0.000996 0.001184 0.000925 0.000928 0.001049 0.001204 0.001934 0.001212 0.001285
9300 0.001007 0.001186 0.000941 0.000937 0.001066 0.001231 0.001957 0.001240 0.001291
9400 0.001024 0.001201 0.000944 0.000964 0.001080 0.001258 0.001985 0.001263 0.001310
9500 0.001031 0.001226 0.000957 0.000963 0.001095 0.001249 0.001976 0.001254 0.001313
9600 0.001044 0.001224 0.000977 0.000971 0.001094 0.001270 0.002034 0.001281 0.001326
9700 0.001049 0.001260 0.000984 0.000974 0.001110 0.001274 0.002063 0.001280 0.001334
9800 0.001074 0.001267 0.000989 0.001001 0.001123 0.001294 0.002102 0.001298 0.001360
9900 0.001081 0.001276 0.001004 0.001010 0.001129 0.001302 0.002155 0.001315 0.001367
10000 0.001095 0.001293 0.001015 0.001012 0.001141 0.001312 0.002110 0.001335 0.001382
10100 0.001102 0.001307 0.001022 0.001021 0.001157 0.001318 0.002141 0.001331 0.001387
10200 0.001112 0.001335 0.001036 0.001056 0.001169 0.001338 0.002148 0.001352 0.001423
10300 0.001130 0.001343 0.001052 0.001040 0.001185 0.001352 0.002192 0.001381 0.001416
10400 0.001150 0.001355 0.001059 0.001067 0.001207 0.001387 0.002242 0.001407 0.001527
10500 0.001163 0.001376 0.001067 0.001080 0.001216 0.001402 0.002238 0.001407 0.001448
10600 0.001171 0.001387 0.001083 0.001082 0.001226 0.001421 0.002249 0.001423 0.001477
10700 0.001178 0.001418 0.001101 0.001087 0.001239 0.001430 0.002293 0.001443 0.001491
10800 0.001185 0.001414 0.001094 0.001113 0.001255 0.001440 0.002352 0.001466 0.001498
10900 0.001201 0.001447 0.001112 0.001112 0.001264 0.001458 0.002449 0.001465 0.001506
11000 0.001228 0.001457 0.001131 0.001136 0.001273 0.001470 0.002441 0.001476 0.001521
11100 0.001228 0.001462 0.001141 0.001139 0.001289 0.001496 0.002393 0.001493 0.001533
11200 0.001236 0.001478 0.001147 0.001146 0.001293 0.001496 0.002418 0.001508 0.001538
11300 0.001248 0.001487 0.001162 0.001161 0.001306 0.001516 0.002395 0.001530 0.001573
11400 0.001276 0.001510 0.001166 0.001171 0.001329 0.001530 0.002450 0.001536 0.001583
11500 0.001286 0.001525 0.001188 0.001173 0.001341 0.001550 0.002479 0.001547 0.001586
11600 0.001297 0.001550 0.001186 0.001181 0.001343 0.001554 0.002326 0.001577 0.001594
11700 0.001305 0.001560 0.001197 0.001206 0.001363 0.001565 0.002541 0.001585 0.001617
11800 0.001309 0.001570 0.001208 0.001213 0.001377 0.001587 0.002594 0.001600 0.001631
11900 0.001333 0.001589 0.001229 0.001229 0.001387 0.001597 0.002228 0.001621 0.001662
12000 0.001348 0.001600 0.001238 0.001242 0.001396 0.001629 0.002712 0.001633 0.001663
12100 0.001364 0.001637 0.001249 0.001256 0.001410 0.001628 0.002631 0.001662 0.001692
12200 0.001374 0.001622 0.001267 0.001256 0.001427 0.001629 0.002671 0.001664 0.001689
12300 0.001379 0.001636 0.001269 0.001281 0.001433 0.001643 0.002675 0.001678 0.001711
12400 0.001408 0.001669 0.001272 0.001285 0.001452 0.001668 0.002704 0.001697 0.001732
12500 0.001444 0.001695 0.001294 0.001291 0.001461 0.001715 0.002727 0.001716 0.001746
12600 0.001426 0.001687 0.001302 0.001305 0.001472 0.001698 0.002755 0.001717 0.001755
12700 0.001417 0.001702 0.001364 0.001340 0.001488 0.001719 0.002767 0.001731 0.001759
12800 0.001429 0.001726 0.001325 0.001324 0.001499 0.001730 0.002797 0.001758 0.001784
12900 0.001453 0.001737 0.001341 0.001327 0.001531 0.001755 0.002866 0.001767 0.001798
13000 0.001465 0.001744 0.001351 0.001360 0.001518 0.001776 0.002941 0.001797 0.001831
13100 0.001505 0.001766 0.001357 0.001353 0.001543 0.001796 0.002874 0.001822 0.001855
13200 0.001488 0.001777 0.001368 0.001376 0.001568 0.001796 0.002918 0.001824 0.001867
13300 0.001520 0.001794 0.001383 0.001378 0.001563 0.001826 0.002937 0.001842 0.001891
13400 0.001518 0.001812 0.001396 0.001394 0.001576 0.001841 0.002995 0.001863 0.001902
13500 0.001570 0.001822 0.001412 0.001408 0.001594 0.001872 0.002994 0.001884 0.001919
13600 0.001571 0.001849 0.001417 0.001413 0.001598 0.001876 0.002981 0.001886 0.001950
13700 0.001589 0.001860 0.001431 0.001432 0.001620 0.001894 0.003041 0.001893 0.001959
13800 0.001606 0.001883 0.001447 0.001440 0.001631 0.001897 0.003070 0.001909 0.001973
13900 0.001621 0.001899 0.001449 0.001460 0.001641 0.001929 0.003030 0.001959 0.001992
14000 0.001632 0.001913 0.001455 0.001469 0.001667 0.001932 0.003204 0.001978 0.002077
14100 0.001643 0.001940 0.001533 0.001477 0.001668 0.001935 0.003276 0.001970 0.002042
14200 0.001653 0.001932 0.001492 0.001489 0.001687 0.001947 0.003201 0.001965 0.002050
14300 0.001653 0.001953 0.001497 0.001501 0.001688 0.001943 0.003216 0.002000 0.002069
14400 0.001671 0.001970 0.001527 0.001510 0.001714 0.001995 0.003226 0.002008 0.002104
14500 0.001697 0.001982 0.001515 0.001524 0.001746 0.001991 0.003252 0.002024 0.002120
14600 0.001699 0.002002 0.001546 0.001533 0.001740 0.002009 0.003220 0.002046 0.002135
14700 0.001708 0.002012 0.001542 0.001538 0.001772 0.002032 0.003260 0.002059 0.002162
14800 0.001719 0.002032 0.001560 0.001568 0.001763 0.002081 0.003306 0.002084 0.002224
14900 0.001752 0.002045 0.001572 0.001566 0.001777 0.002064 0.003370 0.002119 0.002204
15000 0.001760 0.002073 0.001586 0.001573 0.001795 0.002137 0.003497 0.002102 0.002203
15100 0.001763 0.002072 0.001594 0.001596 0.001806 0.002091 0.003390 0.002126 0.002243
15200 0.001768 0.002090 0.001615 0.001602 0.001816 0.002108 0.003430 0.002124 0.002260
15300 0.001791 0.002115 0.001613 0.001617 0.001820 0.002122 0.003432 0.002142 0.002261
15400 0.001791 0.002124 0.001621 0.001623 0.001839 0.002128 0.003435 0.002154 0.002285
15500 0.001816 0.002133 0.001636 0.001622 0.001838 0.002145 0.003465 0.002182 0.002299
15600 0.001820 0.002152 0.001644 0.001642 0.001872 0.002166 0.003492 0.002178 0.002324
15700 0.001817 0.002160 0.001656 0.001648 0.001869 0.002176 0.003504 0.002212 0.002328
15800 0.001845 0.002178 0.001669 0.001673 0.001890 0.002201 0.003475 0.002235 0.002355
15900 0.001854 0.002205 0.001688 0.001686 0.001897 0.002209 0.003590 0.002256 0.002368
16000 0.001868 0.002202 0.001705 0.001693 0.001922 0.002214 0.003474 0.002263 0.002384
16100 0.001888 0.002233 0.001700 0.001714 0.001928 0.002235 0.003747 0.002292 0.002388
16200 0.001900 0.002239 0.001714 0.001761 0.001953 0.002239 0.003797 0.002314 0.002432
16300 0.001914 0.002267 0.001744 0.001721 0.001992 0.002268 0.003687 0.002316 0.002459
16400 0.001921 0.002267 0.001740 0.001738 0.001971 0.002265 0.004830 0.002359 0.002454
16500 0.001932 0.002290 0.001759 0.001751 0.001973 0.002288 0.005112 0.002341 0.002476
16600 0.001951 0.002308 0.001761 0.001771 0.001989 0.002308 0.005064 0.002384 0.002486
16700 0.001960 0.002317 0.001776 0.001764 0.002003 0.002324 0.004829 0.002387 0.002497
16800 0.001967 0.002332 0.001791 0.001782 0.002017 0.002373 0.004961 0.002403 0.002512
16900 0.001973 0.002355 0.001801 0.001792 0.002030 0.002375 0.004808 0.002434 0.002540
17000 0.002027 0.002369 0.001815 0.001812 0.002046 0.002378 0.004835 0.002429 0.002536
17100 0.002036 0.002380 0.001817 0.001830 0.002093 0.002408 0.004917 0.002451 0.002557
17200 0.002109 0.002393 0.001846 0.001827 0.002067 0.002417 0.004912 0.002466 0.002583
17300 0.002062 0.002408 0.001848 0.001850 0.002094 0.002438 0.004975 0.002474 0.002597
17400 0.002044 0.002423 0.001862 0.001858 0.002116 0.002474 0.005258 0.002482 0.002601
17500 0.002066 0.002465 0.001883 0.001876 0.002109 0.002472 0.005172 0.002525 0.002646
17600 0.002086 0.002455 0.001882 0.001881 0.002134 0.002480 0.005083 0.002533 0.002646
17700 0.002103 0.002494 0.001899 0.001885 0.002154 0.002500 0.005209 0.002541 0.002651
17800 0.002102 0.002497 0.001903 0.001893 0.002152 0.002502 0.005151 0.002572 0.002674
17900 0.002123 0.002511 0.001924 0.001911 0.002176 0.002537 0.005235 0.002570 0.002684
18000 0.002146 0.002520 0.001929 0.001929 0.002184 0.002547 0.005136 0.002587 0.002706
18100 0.002141 0.002542 0.001952 0.001935 0.002189 0.002546 0.005181 0.002608 0.002740
18200 0.002156 0.002561 0.001951 0.001956 0.002218 0.002562 0.005227 0.002632 0.002738
18300 0.002162 0.002583 0.001969 0.001957 0.002220 0.002601 0.005253 0.002639 0.002750
18400 0.002162 0.002592 0.001980 0.001973 0.002217 0.002568 0.005409 0.002672 0.002765
18500 0.002185 0.002607 0.001983 0.001990 0.002265 0.002634 0.005375 0.002683 0.002778
18600 0.002217 0.002614 0.002003 0.002000 0.002259 0.002644 0.004998 0.002754 0.002839
18700 0.002290 0.002729 0.002043 0.002063 0.002285 0.002686 0.005532 0.002743 0.002836
18800 0.002250 0.002666 0.002009 0.002008 0.002282 0.002644 0.005183 0.002732 0.002844
18900 0.002311 0.002668 0.002041 0.002020 0.002292 0.002669 0.005539 0.002729 0.002859
19000 0.002255 0.002692 0.002031 0.002041 0.002293 0.002712 0.005591 0.002733 0.002839
19100 0.002266 0.002697 0.002047 0.002044 0.002319 0.002676 0.005539 0.002780 0.002852
19200 0.002269 0.002710 0.002060 0.002066 0.002322 0.002706 0.005548 0.002789 0.002869
19300 0.002305 0.002733 0.002074 0.002086 0.002348 0.002722 0.005563 0.002790 0.002878
19400 0.002316 0.002759 0.002089 0.002092 0.002394 0.002738 0.005712 0.002826 0.002915
19500 0.002338 0.002769 0.002104 0.002104 0.002390 0.002760 0.005837 0.002829 0.002916
19600 0.002341 0.002789 0.002115 0.002117 0.002387 0.002782 0.005841 0.002863 0.002948
