100 0.000004 0.000009 0.000011 0.000006 0.000002 0.000004 0.000002 0.000003 0.000002
5100 0.000560 0.000602 0.000503 0.000476 0.000511 0.000610 0.000824 0.000659 0.000499
10100 0.001197 0.001286 0.000973 0.000969 0.001089 0.001405 0.002120 0.001377 0.001066
15100 0.001816 0.002028 0.001575 0.001506 0.001747 0.002051 0.003489 0.002112 0.001788
20100 0.002421 0.002851 0.002162 0.002117 0.002345 0.002775 0.005971 0.002901 0.002365
25100 0.003101 0.003672 0.002895 0.002704 0.002944 0.003654 0.007510 0.003810 0.002997
30100 0.003678 0.004535 0.003255 0.003238 0.003653 0.004417 0.009294 0.004656 0.003692
35100 0.004366 0.005363 0.003830 0.003860 0.004333 0.005322 0.016291 0.005592 0.004141
40100 0.005102 0.006265 0.004532 0.004545 0.005088 0.006056 0.019383 0.006408 0.005078
45100 0.005751 0.007197 0.005188 0.005043 0.005726 0.006994 0.022157 0.007403 0.005606
50100 0.006754 0.008091 0.005691 0.005832 0.006566 0.007660 0.026583 0.008264 0.006526
55100 0.007961 0.009137 0.006422 0.006321 0.007068 0.008617 0.029991 0.009207 0.007191
60100 0.008154 0.010201 0.006854 0.006955 0.007747 0.009383 0.032938 0.010076 0.007862
65100 0.008571 0.010842 0.007545 0.007450 0.008376 0.010153 0.036676 0.011003 0.008584
70100 0.009156 0.011769 0.008165 0.008116 0.009111 0.011056 0.068664 0.012615 0.008952
75100 0.009996 0.012857 0.008759 0.008812 0.009889 0.011990 0.076634 0.015285 0.010318
80100 0.011166 0.014184 0.009441 0.009458 0.010582 0.012734 0.077513 0.014385 0.010533
85100 0.011460 0.014813 0.010100 0.010061 0.011351 0.013745 0.090700 0.015671 0.011211
90100 0.012435 0.016013 0.011962 0.011243 0.012049 0.014571 0.090748 0.017489 0.013376
95100 0.013364 0.017187 0.011442 0.011362 0.012794 0.015390 0.101720 0.017404 0.012826
100100 0.013601 0.018058 0.012012 0.012059 0.013586 0.016285 0.102491 0.018397 0.013417
105100 0.014440 0.019093 0.012698 0.012621 0.014280 0.017296 0.107722 0.019483 0.016012
110100 0.015097 0.020193 0.013327 0.013306 0.015014 0.018184 0.117382 0.021730 0.015092
115100 0.015849 0.021147 0.014058 0.013964 0.015655 0.018898 0.118832 0.021538 0.015875
120100 0.016602 0.022360 0.014644 0.014644 0.016368 0.019947 0.125473 0.022801 0.017168
125100 0.017925 0.024374 0.016180 0.015536 0.017132 0.022197 0.130280 0.023587 0.017471
130100 0.018152 0.024415 0.016042 0.015903 0.017918 0.021624 0.136615 0.024707 0.018307
