100 0.000001 0.000005 0.000003 0.000003 0.000002 0.000003 0.000002 0.000002
15100 0.000220 0.002069 0.000506 0.000497 0.000405 0.000612 0.000066 0.000142
30100 0.000498 0.004397 0.001070 0.001059 0.000887 0.001319 0.000126 0.000264
45100 0.000840 0.006921 0.001634 0.001602 0.001382 0.002000 0.000174 0.000436
60100 0.001026 0.009466 0.002198 0.002189 0.001936 0.002773 0.000257 0.000591
75100 0.001550 0.012101 0.002817 0.002759 0.002469 0.003604 0.000302 0.000715
90100 0.001665 0.014868 0.003388 0.003335 0.003021 0.004155 0.000401 0.000840
105100 0.001958 0.017600 0.004093 0.004025 0.003635 0.005101 0.000439 0.001032
120100 0.002087 0.020290 0.004527 0.004483 0.004129 0.005598 0.000497 0.001151
135100 0.002229 0.023211 0.005128 0.005083 0.004735 0.006578 0.000521 0.001301
150100 0.003259 0.026080 0.005804 0.005744 0.005371 0.007408 0.000842 0.001453
165100 0.003470 0.028991 0.006390 0.006333 0.005930 0.008157 0.000752 0.001578
180100 0.003561 0.031816 0.007142 0.007039 0.006520 0.008733 0.001026 0.001765
195100 0.003866 0.034699 0.007653 0.007591 0.007138 0.009704 0.000826 0.001864
