100 0.000002 0.000006 0.000002 0.000002 0.000000 0.000003 0.000001 0.000001
100100 0.002725 0.016724 0.005293 0.005311 0.005256 0.005973 0.035466 0.001493
200100 0.005775 0.036166 0.011411 0.011228 0.011829 0.012694 0.149799 0.003091
300100 0.010514 0.056291 0.017053 0.017143 0.016569 0.021158 0.368732 0.004510
400100 0.012516 0.077887 0.023686 0.023120 0.022042 0.028589 0.202996 0.006461
500100 0.015251 0.098331 0.030216 0.030517 0.027649 0.036316 0.928591 0.008620
600100 0.020806 0.122142 0.037788 0.036009 0.034650 0.042588 1.676664 0.009503
700100 0.023749 0.143927 0.042306 0.043403 0.040072 0.050206 2.188763 0.011394
800100 0.026645 0.169181 0.049632 0.049444 0.045932 0.058680 3.346925 0.013449
900100 0.029335 0.187768 0.055538 0.055133 0.053041 0.066346 4.197963 0.016809
1000100 0.032984 0.209774 0.061450 0.062718 0.057665 0.074292 4.578843 0.018280
1100100 0.039349 0.232022 0.073381 0.067525 0.062748 0.083050 5.565187 0.017693
1200100 0.043777 0.256134 0.077063 0.075798 0.070295 0.091227 9.249489 0.020080
1300100 0.049130 0.280445 0.084439 0.081546 0.075982 0.099141 11.063463 0.024062
