100 0.000008 0.000008 0.000005 0.000007 0.000008 0.000009 0.000004 0.000003 0.000003
3100 0.000483 0.000476 0.000338 0.000512 0.000521 0.000410 0.000354 0.000370 0.000420
6100 0.001050 0.000947 0.000738 0.001023 0.001026 0.000727 0.000733 0.001069 0.001007
9100 0.001545 0.001454 0.001156 0.001576 0.001578 0.001048 0.001216 0.002527 0.001899
12100 0.002032 0.001913 0.001606 0.002191 0.002195 0.001291 0.001517 0.003487 0.002592
15100 0.002564 0.002405 0.002052 0.002853 0.002864 0.001556 0.001973 0.004481 0.003388
18100 0.003060 0.002917 0.002514 0.003586 0.003615 0.001843 0.002365 0.009000 0.005258
21100 0.003525 0.003392 0.003011 0.004370 0.004353 0.002058 0.002740 0.010656 0.006264
24100 0.004165 0.003878 0.003486 0.005171 0.005157 0.002335 0.003177 0.012303 0.007329
27100 0.004707 0.004437 0.003991 0.005990 0.005975 0.002533 0.003601 0.014163 0.008579
30100 0.005297 0.004940 0.004495 0.006868 0.006859 0.002782 0.004028 0.015985 0.010026
33100 0.005838 0.005418 0.005015 0.007773 0.007712 0.002991 0.004398 0.030835 0.015608
36100 0.006384 0.005990 0.005531 0.008660 0.008676 0.003215 0.004867 0.033868 0.017231
39100 0.006851 0.006444 0.006048 0.009598 0.009673 0.003449 0.005278 0.037176 0.020897
42100 0.007380 0.006998 0.006635 0.010577 0.010652 0.003614 0.005696 0.040088 0.021849
45100 0.007891 0.007423 0.007121 0.011592 0.011567 0.003866 0.006077 0.043920 0.024942
48100 0.008344 0.007832 0.007696 0.012651 0.012600 0.004026 0.006470 0.048311 0.032039
51100 0.010648 0.010106 0.008592 0.013701 0.013661 0.004225 0.007012 0.050311 0.028833
54100 0.009546 0.009001 0.008879 0.014832 0.014823 0.004506 0.007474 0.053948 0.032136
57100 0.009961 0.009424 0.009311 0.016001 0.015922 0.004647 0.007783 0.059760 0.035557
60100 0.010547 0.009887 0.009880 0.017076 0.017052 0.004811 0.008324 0.060064 0.036477
63100 0.011253 0.010458 0.010475 0.018262 0.018248 0.005017 0.008772 0.075555 0.046275
66100 0.013925 0.012982 0.012461 0.023685 0.023769 0.006290 0.010388 0.145248 0.076303
69100 0.014518 0.013532 0.012287 0.021072 0.020888 0.005484 0.009657 0.128640 0.067331
72100 0.012909 0.012086 0.012089 0.022118 0.022087 0.005617 0.009990 0.139158 0.085620
75100 0.015868 0.014859 0.014314 0.028238 0.028349 0.006783 0.012008 0.170227 0.091353
