100 0.000008 0.000008 0.000004 0.000007 0.000008 0.000008 0.000004 0.000002 0.000003
3100 0.000440 0.000419 0.000327 0.000645 0.000648 0.000203 0.000309 0.000369 0.000445
6100 0.000893 0.000841 0.000713 0.001606 0.001620 0.000333 0.000631 0.001054 0.001315
9100 0.001390 0.001290 0.001124 0.002942 0.002909 0.000461 0.000988 0.002539 0.002855
12100 0.001813 0.001697 0.001561 0.004535 0.004555 0.000557 0.001329 0.003451 0.004311
15100 0.002252 0.002120 0.002009 0.006542 0.006590 0.000627 0.001693 0.004467 0.006026
18100 0.002729 0.002589 0.002488 0.008861 0.008798 0.000731 0.002044 0.009026 0.009896
21100 0.003121 0.002933 0.002952 0.011246 0.011279 0.000859 0.002366 0.010589 0.012601
24100 0.003629 0.003435 0.003412 0.014243 0.014237 0.000978 0.002715 0.012234 0.015443
27100 0.004164 0.003916 0.003905 0.017575 0.017739 0.001100 0.003120 0.014203 0.018752
30100 0.004596 0.004334 0.004365 0.021416 0.023030 0.001420 0.004039 0.018962 0.026717
33100 0.005452 0.004859 0.004850 0.025465 0.025460 0.001322 0.003816 0.030742 0.032518
36100 0.005604 0.005329 0.005390 0.029946 0.029940 0.001464 0.004201 0.034033 0.037728
39100 0.005980 0.005669 0.005839 0.033017 0.032971 0.001576 0.004545 0.040937 0.044930
42100 0.006438 0.006068 0.006374 0.035763 0.035893 0.001694 0.004928 0.040175 0.049284
45100 0.006929 0.006513 0.006850 0.039736 0.047707 0.002099 0.006106 0.053144 0.066160
48100 0.008848 0.008360 0.008190 0.051601 0.051651 0.002245 0.006484 0.056854 0.073878
51100 0.009272 0.008852 0.008720 0.046952 0.045651 0.002045 0.006056 0.050661 0.067384
54100 0.008377 0.007908 0.008369 0.049203 0.049196 0.002164 0.006460 0.053756 0.076004
57100 0.010328 0.009845 0.009954 0.065495 0.064902 0.002642 0.007837 0.068324 0.097249
