100 0.000002 0.000005 0.000005 0.000005 0.000002 0.000004 0.000002 0.000003
5100 0.000532 0.000586 0.000454 0.000454 0.000510 0.000607 0.000842 0.000613
10100 0.001116 0.001294 0.000971 0.000968 0.001086 0.001306 0.002142 0.001331
15100 0.001732 0.002054 0.001502 0.001502 0.001731 0.002061 0.003353 0.002111
20100 0.002407 0.002824 0.002060 0.002053 0.002368 0.002773 0.005730 0.002978
25100 0.003012 0.003650 0.002665 0.002630 0.002941 0.003601 0.007371 0.004159
30100 0.004009 0.004519 0.003204 0.003205 0.003648 0.004373 0.009206 0.004610
35100 0.004295 0.005358 0.003803 0.003795 0.004339 0.005173 0.015409 0.005483
40100 0.005044 0.006247 0.004377 0.004365 0.005004 0.005962 0.019497 0.006379
45100 0.005733 0.007097 0.005008 0.004958 0.005632 0.006775 0.022164 0.007315
50100 0.006377 0.008052 0.005619 0.005581 0.006311 0.007583 0.025816 0.008179
55100 0.007090 0.008970 0.006199 0.006213 0.006977 0.008474 0.029286 0.009100
60100 0.007795 0.009874 0.006851 0.006824 0.007694 0.009311 0.032878 0.010027
65100 0.008524 0.010820 0.007452 0.007392 0.008350 0.010076 0.036368 0.010971
70100 0.009108 0.011729 0.008077 0.008075 0.009055 0.011003 0.064606 0.012246
75100 0.009931 0.012697 0.008680 0.008669 0.009766 0.011787 0.070997 0.013199
80100 0.010650 0.013741 0.009323 0.009296 0.010441 0.012563 0.076113 0.014203
85100 0.011306 0.014769 0.009894 0.009920 0.011168 0.013487 0.082351 0.015233
90100 0.012025 0.015741 0.010580 0.010567 0.011909 0.014331 0.088227 0.016241
95100 0.012770 0.016819 0.011230 0.011196 0.012584 0.015219 0.094281 0.017270
100100 0.013529 0.017806 0.011913 0.011833 0.013314 0.016086 0.100935 0.018239
105100 0.014217 0.018896 0.012521 0.012527 0.013993 0.017119 0.104787 0.019324
110100 0.014966 0.019925 0.013143 0.013159 0.014754 0.017984 0.110961 0.020287
115100 0.016014 0.021246 0.013787 0.013813 0.015436 0.018589 0.117880 0.021268
120100 0.016511 0.022046 0.014463 0.014414 0.016259 0.019759 0.126983 0.022357
125100 0.017227 0.023083 0.015081 0.015086 0.016931 0.020592 0.127199 0.023356
130100 0.017946 0.024199 0.015745 0.015719 0.017694 0.021344 0.137320 0.024385
135100 0.018697 0.025217 0.016375 0.016384 0.018397 0.022339 0.251426 0.026138
140100 0.019207 0.026271 0.017053 0.017024 0.019106 0.023324 0.254952 0.027283
145100 0.020034 0.027423 0.017727 0.017718 0.019912 0.024103 0.264366 0.028359
150100 0.020902 0.028561 0.018416 0.018380 0.020628 0.024939 0.277958 0.029415
155100 0.021466 0.029645 0.019064 0.019009 0.021353 0.025765 0.290436 0.030496
160100 0.022319 0.030788 0.019713 0.019666 0.022082 0.026715 0.298466 0.031638
165100 0.023018 0.031950 0.020373 0.020348 0.022924 0.027432 0.307935 0.032704
170100 0.023816 0.033218 0.021044 0.021014 0.023531 0.028628 0.320902 0.033782
175100 0.024658 0.034329 0.021643 0.021677 0.024280 0.029528 0.331107 0.034861
180100 0.025310 0.035525 0.022576 0.022343 0.025129 0.030419 0.344996 0.036951
185100 0.026225 0.036754 0.023051 0.023035 0.025834 0.031858 0.353094 0.037129
190100 0.026919 0.037921 0.023726 0.023746 0.026577 0.032162 0.359143 0.038326
195100 0.027644 0.039146 0.024384 0.024354 0.027354 0.032967 0.369107 0.039470
200100 0.028664 0.040516 0.025042 0.025008 0.028057 0.033876 0.381686 0.040243
205100 0.029162 0.041432 0.025648 0.025928 0.029167 0.035454 0.404273 0.044691
210100 0.030492 0.043248 0.026430 0.026300 0.029623 0.036176 0.404493 0.043454
215100 0.030832 0.044056 0.027100 0.026989 0.030330 0.037032 0.419624 0.043890
220100 0.031561 0.045261 0.027766 0.027723 0.031239 0.037906 0.425250 0.044934
225100 0.032358 0.046647 0.028429 0.028354 0.031965 0.038816 0.437456 0.046099
