100 0.000002 0.000006 0.000002 0.000003 0.000000 0.000003 0.000001 0.000001
100100 0.001737 0.016658 0.003696 0.004295 0.003289 0.004378 0.000258 0.000758
200100 0.003644 0.035491 0.007328 0.007534 0.007003 0.009170 0.000526 0.001602
300100 0.006404 0.055206 0.011431 0.011263 0.012047 0.014295 0.000792 0.002309
400100 0.007762 0.076291 0.015632 0.015149 0.015448 0.019065 0.001373 0.003117
500100 0.009040 0.097419 0.019745 0.019728 0.019986 0.024555 0.001352 0.003939
600100 0.013701 0.119563 0.024753 0.023222 0.023919 0.030388 0.001673 0.004812
700100 0.015316 0.141138 0.027786 0.027804 0.029692 0.034411 0.001973 0.005615
800100 0.016787 0.162345 0.033119 0.032075 0.033339 0.041217 0.002227 0.006348
900100 0.018372 0.185485 0.036016 0.036551 0.037617 0.045286 0.002560 0.007249
1000100 0.018941 0.208288 0.042418 0.042197 0.041763 0.051260 0.002867 0.008071
1100100 0.025027 0.230788 0.049450 0.045404 0.048839 0.056948 0.003112 0.008876
1200100 0.028241 0.250069 0.049560 0.048986 0.053193 0.062943 0.003748 0.009757
1300100 0.029530 0.277268 0.054728 0.053545 0.054831 0.068902 0.003731 0.010447
1400100 0.033015 0.299795 0.057073 0.059494 0.062115 0.074720 0.004480 0.012351
1500100 0.034918 0.324990 0.062821 0.062556 0.066438 0.082097 0.004510 0.013141
1600100 0.035438 0.344457 0.067758 0.066955 0.070403 0.085724 0.004463 0.012775
1700100 0.036044 0.372716 0.071188 0.074046 0.075331 0.088301 0.004756 0.015365
1800100 0.041242 0.401005 0.078452 0.079021 0.082524 0.096228 0.005614 0.015755
1900100 0.040318 0.418716 0.080654 0.085911 0.088390 0.110499 0.006251 0.018744
2000100 0.039954 0.441555 0.084126 0.084967 0.092870 0.108006 0.006081 0.016801
2100100 0.043850 0.460653 0.092645 0.089041 0.092941 0.113375 0.006572 0.017066
2200100 0.050780 0.484015 0.094496 0.091906 0.099173 0.118848 0.006059 0.018680
2300100 0.058483 0.511282 0.098089 0.096644 0.103603 0.123823 0.006406 0.018390
2400100 0.059971 0.535058 0.103524 0.104508 0.111861 0.129922 0.006718 0.019960
2500100 0.060789 0.555884 0.105317 0.104497 0.112415 0.135712 0.007001 0.019851
2600100 0.063655 0.582057 0.110780 0.110526 0.116234 0.140337 0.007397 0.020654
2700100 0.065182 0.602733 0.115797 0.115355 0.124966 0.144335 0.007452 0.023066
2800100 0.065535 0.629117 0.122231 0.121589 0.125736 0.151444 0.007799 0.022918
