100 0.000001 0.000006 0.000002 0.000003 0.000000 0.000003 0.000001 0.000001 0.000001
5100 0.000066 0.000602 0.000152 0.000149 0.000110 0.000176 0.000010 0.000035 0.000012
10100 0.000142 0.001290 0.000318 0.000316 0.000245 0.000368 0.000021 0.000068 0.000023
15100 0.000181 0.002027 0.000488 0.000487 0.000393 0.000568 0.000030 0.000101 0.000035
20100 0.000297 0.002819 0.000661 0.000655 0.000539 0.000771 0.000040 0.000139 0.000047
25100 0.000347 0.003556 0.000884 0.000833 0.000698 0.000966 0.000049 0.000171 0.000058
30100 0.000401 0.004345 0.001031 0.001017 0.000853 0.001192 0.000059 0.000204 0.000075
35100 0.000560 0.005151 0.001200 0.001181 0.001047 0.001400 0.000069 0.000241 0.000080
40100 0.000636 0.005985 0.001387 0.001384 0.001178 0.001661 0.000079 0.000273 0.000092
45100 0.000699 0.006855 0.001572 0.001551 0.001344 0.001814 0.000089 0.000315 0.000104
50100 0.000743 0.007709 0.001744 0.001753 0.001556 0.002031 0.000098 0.000339 0.000117
55100 0.000800 0.008584 0.001959 0.001978 0.001698 0.002254 0.000108 0.000380 0.000127
60100 0.000868 0.009471 0.002134 0.002116 0.001858 0.002525 0.000117 0.000407 0.000137
65100 0.000957 0.010205 0.002366 0.002324 0.002057 0.002766 0.000128 0.000443 0.000148
70100 0.001206 0.011060 0.002563 0.002477 0.002194 0.002933 0.000138 0.000478 0.000162
75100 0.001334 0.011961 0.002734 0.002686 0.002364 0.003168 0.000147 0.000513 0.000171
80100 0.001328 0.012904 0.002922 0.002855 0.002542 0.003454 0.000156 0.000546 0.000183
85100 0.001391 0.013819 0.003064 0.003075 0.002723 0.003580 0.000166 0.000582 0.000194
90100 0.001444 0.014699 0.003272 0.003253 0.002905 0.003856 0.000177 0.000609 0.000205
95100 0.001551 0.015616 0.003475 0.003431 0.003130 0.004041 0.000188 0.000686 0.000217
100100 0.001600 0.016526 0.003689 0.003629 0.003264 0.004393 0.000196 0.000678 0.000268
105100 0.001668 0.017586 0.003867 0.003868 0.003453 0.004512 0.000206 0.000711 0.000240
110100 0.001723 0.018276 0.004080 0.004059 0.003642 0.004721 0.000216 0.000749 0.000250
115100 0.001776 0.019273 0.004232 0.004195 0.003812 0.004931 0.000227 0.000810 0.000261
120100 0.001848 0.020124 0.004439 0.004430 0.003965 0.005299 0.000235 0.000815 0.000273
125100 0.001924 0.021314 0.004722 0.004657 0.004306 0.005802 0.000247 0.000858 0.000286
130100 0.002049 0.022233 0.004874 0.004878 0.004404 0.005805 0.000261 0.000890 0.000298
135100 0.002071 0.023111 0.005124 0.005066 0.004642 0.006113 0.000282 0.000940 0.000307
140100 0.002615 0.024086 0.005335 0.005267 0.004824 0.006361 0.000294 0.000999 0.000321
145100 0.002719 0.025073 0.005601 0.005444 0.004984 0.006515 0.000286 0.001002 0.000334
