100 0.000002 0.000005 0.000005 0.000005 0.000002 0.000004 0.000002 0.000003 0.000002
5100 0.000526 0.000596 0.000455 0.000455 0.000512 0.000614 0.000805 0.000619 0.000542
10100 0.001095 0.001287 0.000973 0.000974 0.001112 0.001313 0.002151 0.001344 0.001068
15100 0.001769 0.002058 0.001528 0.001518 0.001717 0.002069 0.003380 0.002156 0.001770
20100 0.002344 0.002899 0.002075 0.002073 0.002376 0.002802 0.005781 0.002936 0.002292
25100 0.003004 0.003659 0.002686 0.002654 0.003003 0.003579 0.007579 0.003790 0.002977
30100 0.003687 0.004533 0.003228 0.003221 0.003662 0.004441 0.009724 0.004633 0.003720
35100 0.004340 0.005408 0.003864 0.003807 0.004277 0.005274 0.016764 0.005535 0.004177
40100 0.004967 0.006284 0.004476 0.004434 0.004934 0.005958 0.019667 0.006381 0.004864
45100 0.005758 0.007176 0.005000 0.005028 0.005617 0.006766 0.021978 0.007318 0.005622
50100 0.006376 0.008028 0.005608 0.005652 0.006333 0.007576 0.025996 0.008211 0.006353
55100 0.007112 0.008977 0.006260 0.006251 0.007009 0.008509 0.029047 0.009185 0.007110
60100 0.007787 0.009847 0.006882 0.006860 0.007680 0.009349 0.033687 0.010362 0.007924
65100 0.008690 0.010988 0.007558 0.007569 0.008517 0.010251 0.037307 0.011346 0.008728
70100 0.009289 0.012092 0.008245 0.008190 0.009149 0.011186 0.065188 0.012763 0.008939
75100 0.009982 0.012831 0.008832 0.008737 0.009821 0.012077 0.072476 0.013749 0.009751
80100 0.010711 0.014132 0.009561 0.009482 0.010618 0.012784 0.079330 0.014688 0.010406
85100 0.011416 0.014959 0.010089 0.010062 0.011377 0.013802 0.083951 0.015898 0.011309
90100 0.012126 0.016248 0.010850 0.010836 0.012075 0.014673 0.089999 0.017031 0.012017
95100 0.013031 0.017328 0.011431 0.011347 0.012952 0.015455 0.095680 0.017637 0.012666
100100 0.013591 0.018181 0.011898 0.011907 0.013436 0.016345 0.103229 0.018741 0.013557
105100 0.014489 0.019176 0.012624 0.012657 0.014304 0.017366 0.107811 0.020132 0.014376
110100 0.015356 0.020796 0.013369 0.013359 0.015069 0.018388 0.112836 0.021097 0.015032
115100 0.015955 0.021762 0.014147 0.014171 0.015734 0.019094 0.124119 0.022402 0.016082
120100 0.016827 0.022766 0.014859 0.014692 0.016553 0.020103 0.128532 0.023240 0.016894
125100 0.017562 0.023809 0.015483 0.015448 0.017343 0.021102 0.138183 0.024629 0.017702
130100 0.018331 0.024923 0.016142 0.016049 0.018077 0.021792 0.143035 0.025043 0.018262
135100 0.018907 0.025797 0.016636 0.016765 0.018710 0.023071 0.258972 0.026988 0.018172
140100 0.019532 0.027023 0.017444 0.017276 0.019291 0.023780 0.268866 0.028265 0.019139
145100 0.020364 0.028327 0.018025 0.018030 0.020124 0.024417 0.274617 0.029402 0.019878
