100 0.000002 0.000006 0.000003 0.000004 0.000002 0.000004 0.000002 0.000003 0.000002
5100 0.000177 0.000602 0.000274 0.000269 0.000264 0.000292 0.000303 0.000183 0.000149
10100 0.000377 0.001300 0.000571 0.000566 0.000569 0.000623 0.000759 0.000394 0.000328
15100 0.000587 0.002021 0.000925 0.000879 0.000888 0.000976 0.001466 0.000618 0.000530
20100 0.000806 0.002802 0.001199 0.001189 0.001207 0.001335 0.003094 0.000825 0.000720
25100 0.001026 0.003586 0.001532 0.001515 0.001567 0.001700 0.003960 0.001060 0.000926
30100 0.001248 0.004422 0.001901 0.001851 0.001876 0.002070 0.004679 0.001281 0.001157
35100 0.001545 0.005240 0.002214 0.002228 0.002246 0.002459 0.010222 0.001467 0.001340
40100 0.001676 0.006144 0.002629 0.002626 0.002666 0.002821 0.012195 0.001696 0.001539
45100 0.001959 0.006975 0.002906 0.002868 0.002914 0.003174 0.014734 0.001923 0.001711
50100 0.002144 0.007742 0.003249 0.003229 0.003231 0.003615 0.017437 0.002229 0.001968
55100 0.002378 0.008681 0.003631 0.003558 0.003610 0.004021 0.019905 0.002434 0.002123
60100 0.002629 0.009569 0.003955 0.003908 0.003961 0.004377 0.022474 0.002673 0.002368
65100 0.002880 0.010356 0.004323 0.004290 0.004279 0.004823 0.025161 0.002964 0.002564
70100 0.003067 0.011328 0.004755 0.004661 0.004617 0.005207 0.046164 0.003033 0.002779
75100 0.003428 0.012192 0.005071 0.005008 0.005013 0.005562 0.053001 0.003398 0.003078
80100 0.003613 0.013270 0.005449 0.005424 0.005431 0.006114 0.057881 0.003611 0.003236
85100 0.003889 0.014301 0.005986 0.005791 0.005742 0.006500 0.064502 0.003902 0.003546
90100 0.004108 0.015530 0.006161 0.006228 0.006161 0.006836 0.067760 0.004183 0.003851
95100 0.004468 0.016172 0.006597 0.006534 0.006623 0.007401 0.072953 0.004433 0.004001
100100 0.004629 0.017197 0.007030 0.006888 0.006801 0.007744 0.078961 0.004609 0.004288
105100 0.004838 0.017936 0.007314 0.007252 0.007293 0.008174 0.082789 0.005008 0.004393
110100 0.005102 0.019300 0.007731 0.007721 0.007587 0.008700 0.087401 0.005258 0.004654
115100 0.005422 0.020050 0.008161 0.008040 0.007982 0.008897 0.092144 0.005471 0.004840
120100 0.005692 0.020826 0.008446 0.008367 0.008457 0.009580 0.096876 0.005598 0.005034
125100 0.005826 0.021900 0.008921 0.008820 0.008745 0.009930 0.101476 0.006023 0.005408
130100 0.006172 0.022585 0.009228 0.009235 0.009145 0.010440 0.109454 0.006464 0.005722
135100 0.006351 0.024133 0.009759 0.009565 0.009478 0.010803 0.201515 0.006229 0.005701
140100 0.006656 0.025245 0.010024 0.009914 0.009982 0.011270 0.210328 0.006607 0.006056
145100 0.006932 0.026115 0.010339 0.010309 0.010203 0.011594 0.089208 0.007042 0.006420
