100 0.000002 0.000006 0.000004 0.000004 0.000002 0.000004 0.000002 0.000003 0.000002
5100 0.000237 0.000633 0.000315 0.000306 0.000313 0.000346 0.000399 0.000269 0.000206
10100 0.000508 0.001296 0.000659 0.000647 0.000686 0.000728 0.001153 0.000565 0.000438
15100 0.000775 0.002028 0.001012 0.001003 0.001046 0.001143 0.001819 0.000891 0.000707
20100 0.001101 0.002814 0.001390 0.001413 0.001472 0.001558 0.003528 0.001234 0.000934
25100 0.001337 0.003700 0.001771 0.001755 0.001818 0.001979 0.004803 0.001529 0.001207
30100 0.001663 0.004465 0.002140 0.002129 0.002257 0.002414 0.006012 0.001842 0.001492
35100 0.001893 0.005211 0.002542 0.002520 0.002661 0.003029 0.011191 0.002176 0.001723
40100 0.002218 0.006207 0.002950 0.002893 0.003014 0.003304 0.013994 0.002465 0.001968
45100 0.002534 0.006999 0.003304 0.003330 0.003407 0.003690 0.016348 0.002780 0.002260
50100 0.002817 0.007820 0.003730 0.003682 0.003845 0.004158 0.018315 0.003110 0.002533
55100 0.003109 0.008795 0.004141 0.004086 0.004286 0.004699 0.021720 0.003466 0.002839
60100 0.003412 0.009574 0.004525 0.004493 0.004708 0.005115 0.024679 0.003821 0.003137
65100 0.003782 0.010510 0.004940 0.004961 0.005088 0.005497 0.027632 0.004168 0.003428
70100 0.003965 0.011408 0.005391 0.005311 0.005552 0.005989 0.053087 0.004562 0.003659
75100 0.004368 0.012711 0.005913 0.005814 0.006053 0.006550 0.059929 0.004943 0.003965
80100 0.004734 0.013582 0.006281 0.006240 0.006536 0.006987 0.064229 0.005303 0.004387
85100 0.005075 0.014657 0.006853 0.006691 0.006890 0.007527 0.069068 0.005725 0.004622
90100 0.005387 0.015565 0.007128 0.007156 0.007379 0.008006 0.076346 0.006073 0.004917
95100 0.005658 0.016461 0.007581 0.007433 0.007845 0.008422 0.080589 0.006425 0.005141
100100 0.005918 0.017327 0.007989 0.008122 0.008372 0.008985 0.088815 0.006852 0.005469
105100 0.006289 0.018636 0.008431 0.008439 0.008727 0.009515 0.090426 0.007200 0.005793
110100 0.006591 0.019338 0.008839 0.008792 0.009134 0.010004 0.099323 0.007467 0.006180
115100 0.007229 0.020384 0.009190 0.009137 0.009491 0.010175 0.099716 0.007947 0.006466
120100 0.007419 0.021468 0.009730 0.009671 0.009908 0.010906 0.105699 0.008331 0.006773
125100 0.007675 0.022466 0.010160 0.010281 0.010498 0.011451 0.112638 0.008643 0.007005
130100 0.008018 0.023316 0.010741 0.010468 0.010856 0.011903 0.117081 0.009162 0.007444
135100 0.008222 0.024626 0.011062 0.011167 0.011463 0.012321 0.226904 0.009402 0.007501
140100 0.008487 0.025352 0.011557 0.011472 0.011923 0.012953 0.227804 0.009791 0.008004
145100 0.009076 0.028728 0.012512 0.011952 0.012428 0.013647 0.243725 0.010137 0.008059
