100 0.000001 0.000005 0.000003 0.000003 0.000002 0.000003 0.000002 0.000002 0.000001
5100 0.000132 0.000599 0.000248 0.000244 0.000223 0.000259 0.000211 0.000122 0.000111
10100 0.000302 0.001298 0.000526 0.000516 0.000504 0.000565 0.000707 0.000283 0.000249
15100 0.000444 0.002058 0.000845 0.000799 0.000825 0.000876 0.001270 0.000465 0.000408
20100 0.000634 0.002787 0.001097 0.001079 0.001067 0.001191 0.001807 0.000589 0.000551
25100 0.000810 0.003571 0.001399 0.001380 0.001363 0.001555 0.003633 0.000772 0.000744
30100 0.000987 0.004354 0.001712 0.001670 0.001660 0.001898 0.001864 0.000952 0.000910
35100 0.001160 0.005275 0.002044 0.001968 0.001956 0.002199 0.008353 0.001022 0.001011
40100 0.001352 0.006043 0.002308 0.002275 0.002252 0.002626 0.010728 0.001246 0.001224
45100 0.001611 0.006974 0.002641 0.002612 0.002543 0.002854 0.010595 0.001400 0.001390
50100 0.001696 0.007751 0.002924 0.002881 0.002850 0.003205 0.015492 0.001555 0.001522
55100 0.001893 0.008593 0.003241 0.003194 0.003161 0.003598 0.017597 0.001759 0.001741
60100 0.002134 0.009437 0.003559 0.003502 0.003479 0.003957 0.019769 0.001982 0.001964
65100 0.002343 0.010251 0.003881 0.003854 0.003786 0.004338 0.018686 0.002166 0.002072
70100 0.002563 0.011214 0.004190 0.004145 0.004086 0.004689 0.039304 0.002130 0.002166
75100 0.002758 0.012087 0.004545 0.004508 0.004482 0.005071 0.046789 0.002301 0.002366
80100 0.002858 0.013080 0.004861 0.004794 0.004730 0.005542 0.049984 0.002552 0.002622
85100 0.003107 0.014215 0.005238 0.005200 0.005024 0.005847 0.055074 0.002730 0.002778
90100 0.003389 0.015243 0.005623 0.005477 0.005382 0.006173 0.057864 0.002948 0.002994
95100 0.003568 0.016141 0.005966 0.005806 0.005748 0.006654 0.065097 0.003180 0.003176
100100 0.003654 0.017016 0.006300 0.006234 0.006061 0.006968 0.016135 0.003370 0.003355
105100 0.003979 0.018022 0.006537 0.006503 0.006374 0.007445 0.071282 0.003524 0.003708
110100 0.004130 0.019191 0.007190 0.006808 0.006624 0.007697 0.047296 0.003750 0.003727
115100 0.004288 0.020112 0.007250 0.007329 0.007043 0.008142 0.083574 0.003949 0.003971
120100 0.004514 0.021024 0.007626 0.007597 0.007381 0.008614 0.072729 0.004133 0.004023
125100 0.004772 0.021805 0.007880 0.007855 0.007602 0.008984 0.091438 0.004414 0.004204
130100 0.004881 0.022820 0.008574 0.008164 0.007892 0.009172 0.094045 0.004438 0.004590
135100 0.005105 0.023962 0.008726 0.008538 0.008268 0.009621 0.160405 0.004393 0.004613
140100 0.005383 0.024973 0.008930 0.008870 0.008645 0.010031 0.130649 0.004558 0.004736
145100 0.005809 0.025894 0.009326 0.009284 0.008984 0.010510 0.190896 0.004676 0.005017
