100 0.000000 0.000007 0.000003 0.000011 0.000011 0.000001
200 0.000000 0.000015 0.000009 0.000022 0.000022 0.000001
300 0.000000 0.000022 0.000016 0.000032 0.000032 0.000002
400 0.000000 0.000029 0.000022 0.000044 0.000043 0.000003
500 0.000001 0.000037 0.000029 0.000056 0.000057 0.000004
600 0.000001 0.000044 0.000038 0.000067 0.000067 0.000005
700 0.000001 0.000051 0.000046 0.000077 0.000077 0.000006
800 0.000001 0.000058 0.000056 0.000088 0.000089 0.000006
900 0.000001 0.000066 0.000065 0.000100 0.000101 0.000008
1000 0.000001 0.000074 0.000077 0.000112 0.000112 0.000008
1100 0.000001 0.000082 0.000086 0.000125 0.000124 0.000009
1200 0.000001 0.000089 0.000095 0.000135 0.000135 0.000010
1300 0.000002 0.000097 0.000105 0.000148 0.000146 0.000011
1400 0.000002 0.000103 0.000115 0.000159 0.000159 0.000012
1500 0.000002 0.000109 0.000125 0.000171 0.000170 0.000013
1600 0.000002 0.000118 0.000135 0.000183 0.000182 0.000014
1700 0.000002 0.000127 0.000146 0.000195 0.000195 0.000016
1800 0.000002 0.000135 0.000158 0.000206 0.000206 0.000017
1900 0.000002 0.000141 0.000168 0.000218 0.000220 0.000018
2000 0.000002 0.000148 0.000178 0.000230 0.000230 0.000019
2100 0.000003 0.000155 0.000190 0.000244 0.000241 0.000020
2200 0.000003 0.000166 0.000201 0.000252 0.000269 0.000021
2300 0.000003 0.000175 0.000212 0.000266 0.000266 0.000022
2400 0.000003 0.000181 0.000225 0.000279 0.000279 0.000023
2500 0.000003 0.000186 0.000237 0.000289 0.000289 0.000025
2600 0.000003 0.000193 0.000248 0.000305 0.000304 0.000026
2700 0.000003 0.000205 0.000262 0.000317 0.000315 0.000027
2800 0.000003 0.000209 0.000270 0.000328 0.000328 0.000028
2900 0.000003 0.000218 0.000283 0.000335 0.000339 0.000029
3000 0.000004 0.000227 0.000297 0.000349 0.000349 0.000031
3100 0.000004 0.000229 0.000306 0.000362 0.000363 0.000031
3200 0.000004 0.000240 0.000318 0.000376 0.000375 0.000034
3300 0.000004 0.000252 0.000329 0.000385 0.000386 0.000034
3400 0.000004 0.000257 0.000338 0.000396 0.000396 0.000035
3500 0.000004 0.000267 0.000350 0.000407 0.000407 0.000036
3600 0.000004 0.000271 0.000364 0.000423 0.000421 0.000037
3700 0.000004 0.000277 0.000372 0.000440 0.000434 0.000039
3800 0.000004 0.000283 0.000384 0.000446 0.000458 0.000040
3900 0.000005 0.000297 0.000396 0.000459 0.000461 0.000041
4000 0.000005 0.000303 0.000406 0.000469 0.000468 0.000043
